1 1
2 2
3 3
4 4
5 5
6 6
7 7
8 8
9 9
10 10
11 11
12 12
13 13
14 14
15 15
16 16
17 17
18 18
19 19
20 20
21 21
22 22
23 23
24 24
25 25
26 26
27 27
28 28
29 29
30 30
31 31
32 32
33 33
34 34
35 35
36 36
37 37
38 38
39 39
40 40
41 41
42 42
43 43
44 44
45 45
46 46
47 47
48 48
49 49
50 50
51 51
52 52
53 53
54 54
55 55
56 56
57 57
58 58
59 59
60 60
61 61
62 62
63 63
64 64
65 65
66 66
67 67
68 68
69 69
70 70
71 71
72 72
73 73
74 74
75 75
76 76
77 77
78 78
79 79
80 80
81 81
82 82
83 83
84 84
85 85
86 86
87 87
88 88
89 89
90 90
91 91
92 92
93 93
94 94
95 95
96 96
97 97
98 98
99 99
100 100
101 101
102 102
103 103
104 104
105 105
106 106
107 107
108 108
109 109
110 110
111 111
112 112
113 113
114 114
115 115
116 116
117 117
118 118
119 119
120 120
121 121
122 122
123 123
124 124
125 125
126 126
127 127
128 128
129 129
130 130
131 131
132 132
133 133
134 134
135 135
136 136
137 137
138 138
139 139
140 140
141 141
142 142
143 143
144 144
145 145
146 146
147 147
148 148
149 149
150 150
151 151
152 152
153 153
154 154
155 155
156 156
157 157
158 158
159 159
160 160
161 161
162 162
163 163
164 164
165 165
166 166
167 167
168 168
169 169
170 170
171 171
172 172
173 173
174 174
175 175
176 176
177 177
178 178
179 179
180 180
181 181
182 182
183 183
184 184
185 185
186 186
187 187
188 188
189 189
190 190
191 191
192 192
193 193
194 194
195 195
196 196
197 197
198 198
199 199
200 200
201 201
202 202
203 203
204 204
205 205
206 206
207 207
208 208
209 209
210 210
211 211
212 212
213 213
214 214
215 215
216 216
217 217
218 218
219 219
220 220
221 221
222 222
223 223
224 224
225 225
226 226
227 227
228 228
229 229
230 230
231 231
232 232
233 233
234 234
235 235
236 236
237 237
238 238
239 239
240 240
241 241
242 242
243 243
244 244
245 245
246 246
247 247
248 248
249 249
250 250
251 1
252 2
253 3
254 4
255 5
256 6
257 7
258 8
259 9
260 10
261 11
262 12
263 13
264 14
265 15
266 16
267 17
268 18
269 19
270 20
271 21
272 22
273 23
274 24
275 25
276 26
277 27
278 28
279 29
280 30
281 31
282 32
283 33
284 34
285 35
286 36
287 37
288 38
289 39
290 40
291 41
292 42
293 43
294 44
295 45
296 46
297 47
298 48
299 49
300 50
301 51
302 52
303 53
304 54
305 55
306 56
307 57
308 58
309 59
310 60
311 61
312 62
313 63
314 64
315 65
316 66
317 67
318 68
319 69
320 70
321 71
322 72
323 73
324 74
325 75
326 76
327 77
328 78
329 79
330 80
331 81
332 82
333 83
334 84
335 85
336 86
337 87
338 88
339 89
340 90
341 91
342 92
343 93
344 94
345 95
346 96
347 97
348 98
349 99
350 100
351 101
352 102
353 103
354 104
355 105
356 106
357 107
358 108
359 109
360 110
361 111
362 112
363 113
364 114
365 115
366 116
367 117
368 118
369 119
370 120
371 121
372 122
373 123
374 124
375 125
376 126
377 127
378 128
379 129
380 130
381 131
382 132
383 133
384 134
385 135
386 136
387 137
388 138
389 139
390 140
391 141
392 142
393 143
394 144
395 145
396 146
397 147
398 148
399 149
400 150
401 151
402 152
403 153
404 154
405 155
406 156
407 157
408 158
409 159
410 160
411 161
412 162
413 163
414 164
415 165
416 166
417 167
418 168
419 169
420 170
421 171
422 172
423 173
424 174
425 175
426 176
427 177
428 178
429 179
430 180
431 181
432 182
433 183
434 184
435 185
436 186
437 187
438 188
439 189
440 190
441 191
442 192
443 193
444 194
445 195
446 196
447 197
448 198
449 199
450 200
451 201
452 202
453 203
454 204
455 205
456 206
457 207
458 208
459 209
460 210
461 211
462 212
463 213
464 214
465 215
466 216
467 217
468 218
469 219
470 220
471 221
472 222
473 223
474 224
475 225
476 226
477 227
478 228
479 229
480 230
481 231
482 232
483 233
484 234
485 235
486 236
487 237
488 238
489 239
490 240
491 241
492 242
493 243
494 244
495 245
496 246
497 247
498 248
499 249
500 250
501 251
502 252
503 253
504 254
505 255
506 256
507 257
508 258
509 259
510 260
511 261
512 262
513 263
514 264
515 265
516 266
517 267
518 268
519 269
520 270
521 271
522 272
523 273
524 274
525 275
526 276
527 277
528 278
529 279
530 280
531 281
532 282
533 283
534 284
535 285
536 286
537 287
538 288
539 289
540 290
541 291
542 292
543 293
544 294
545 295
546 296
547 297
548 298
549 299
550 300
551 301
552 302
553 303
554 304
555 305
556 306
557 307
558 308
559 309
560 310
561 311
562 312
563 313
564 314
565 315
566 316
567 317
568 318
569 319
570 320
571 321
572 322
573 323
574 324
575 325
576 326
577 327
578 328
579 329
580 330
581 331
582 332
583 333
584 334
585 335
586 336
587 337
588 338
589 339
590 340
591 341
592 342
593 343
594 344
595 345
596 346
597 347
598 348
599 349
600 350
601 351
602 352
603 353
604 354
605 355
606 356
607 357
608 358
609 359
610 360
611 361
612 362
613 363
614 364
615 365
616 366
617 367
618 368
619 369
620 370
621 371
622 372
623 373
624 374
625 375
626 376
627 377
628 378
629 379
630 380
631 381
632 382
633 383
634 384
635 385
636 386
637 387
638 388
639 389
640 390
641 391
642 392
643 393
644 394
645 395
646 396
647 397
648 398
649 399
650 400
651 401
652 402
653 403
654 404
655 405
656 406
657 407
658 408
659 409
660 410
661 411
662 412
663 413
664 414
665 415
666 416
667 417
668 418
669 419
670 420
671 421
672 422
673 423
674 424
675 425
676 426
677 427
678 428
679 429
680 430
681 431
682 432
683 433
684 434
685 435
686 436
687 437
688 438
689 439
690 440
691 441
692 442
693 443
694 444
695 445
696 446
697 447
698 448
699 449
700 450
701 451
702 452
703 453
704 454
705 455
706 456
707 457
708 458
709 459
710 460
711 461
712 462
713 463
714 464
715 465
716 466
717 467
718 468
719 469
720 470
721 471
722 472
723 473
724 474
725 475
726 476
727 477
728 478
729 479
730 480
731 481
732 482
733 483
734 484
735 485
736 486
737 487
738 488
739 489
740 490
741 491
742 492
743 493
744 494
745 251
746 252
747 253
748 254
749 255
750 256
751 257
752 258
753 259
754 260
755 261
756 262
757 263
758 264
759 265
760 266
761 267
762 268
763 269
764 270
765 271
766 272
767 273
768 274
769 275
770 276
771 277
772 278
773 279
774 280
775 281
776 282
777 283
778 284
779 285
780 286
781 287
782 288
783 289
784 290
785 291
786 292
787 293
788 294
789 295
790 296
791 297
792 298
793 299
794 300
795 301
796 302
797 303
798 304
799 305
800 306
801 307
802 308
803 309
804 310
805 311
806 312
807 313
808 314
809 315
810 316
811 317
812 318
813 319
814 320
815 321
816 322
817 323
818 324
819 325
820 326
821 327
822 328
823 329
824 330
825 331
826 332
827 333
828 334
829 335
830 336
831 337
832 338
833 339
834 340
835 341
836 342
837 343
838 344
839 345
840 346
841 347
842 348
843 349
844 350
845 351
846 352
847 353
848 354
849 355
850 356
851 357
852 358
853 359
854 360
855 361
856 362
857 363
858 364
859 365
860 366
861 367
862 368
863 369
864 370
865 371
866 372
867 373
868 374
869 375
870 376
871 377
872 378
873 379
874 380
875 381
876 382
877 383
878 384
879 385
880 386
881 387
882 388
883 389
884 390
885 391
886 392
887 393
888 394
889 395
890 396
891 397
892 398
893 399
894 400
895 401
896 402
897 403
898 404
899 405
900 406
901 407
902 408
903 409
904 410
905 411
906 412
907 413
908 414
909 415
910 416
911 417
912 418
913 419
914 420
915 421
916 422
917 423
918 424
919 425
920 426
921 427
922 428
923 429
924 430
925 431
926 432
927 433
928 434
929 435
930 436
931 437
932 438
933 439
934 440
935 441
936 442
937 443
938 444
939 445
940 446
941 447
942 448
943 449
944 450
945 451
946 452
947 453
948 454
949 455
950 456
951 457
952 458
953 459
954 460
955 461
956 462
957 463
958 464
959 465
960 466
961 467
962 468
963 469
964 470
965 471
966 472
967 473
968 474
969 475
970 476
971 477
972 478
973 479
974 480
975 481
976 482
977 483
978 484
979 485
980 486
981 487
982 488
983 489
984 490
985 491
986 492
987 493
988 494
989 495
990 496
991 497
992 498
993 499
994 500
995 501
996 502
997 503
998 504
999 505
1000 506
1001 507
1002 508
1003 509
1004 510
1005 511
1006 512
1007 513
1008 514
1009 515
1010 516
1011 517
1012 518
1013 519
1014 520
1015 521
1016 522
1017 523
1018 524
1019 525
1020 526
1021 527
1022 528
1023 529
1024 530
1025 531
1026 532
1027 533
1028 534
1029 535
1030 536
1031 537
1032 538
1033 539
1034 540
1035 541
1036 542
1037 543
1038 544
1039 545
1040 546
1041 547
1042 548
1043 549
1044 550
1045 551
1046 552
1047 553
1048 554
1049 555
1050 556
1051 557
1052 558
1053 559
1054 560
1055 561
1056 562
1057 563
1058 564
1059 565
1060 566
1061 567
1062 568
1063 569
1064 570
1065 571
1066 572
1067 573
1068 574
1069 575
1070 576
1071 577
1072 578
1073 579
1074 580
1075 581
1076 582
1077 583
1078 584
1079 585
1080 586
1081 587
1082 588
1083 589
1084 590
1085 591
1086 592
1087 593
1088 594
1089 595
1090 596
1091 597
1092 598
1093 599
1094 600
1095 601
1096 602
1097 603
1098 604
1099 605
1100 606
1101 607
1102 608
1103 609
1104 610
1105 611
1106 612
1107 613
1108 614
1109 615
1110 616
1111 617
1112 618
1113 619
1114 620
1115 621
1116 622
1117 623
1118 624
1119 625
1120 626
1121 627
1122 628
1123 629
1124 630
1125 631
1126 632
1127 633
1128 634
1129 635
1130 636
1131 637
1132 638
1133 639
1134 640
1135 641
1136 642
1137 643
1138 644
1139 645
1140 646
1141 647
1142 648
1143 649
1144 650
1145 651
1146 652
1147 653
1148 654
1149 655
1150 656
1151 657
1152 658
1153 659
1154 660
1155 661
1156 662
1157 663
1158 664
1159 665
1160 666
1161 667
1162 668
1163 669
1164 670
1165 671
1166 672
1167 673
1168 674
1169 675
1170 676
1171 677
1172 678
1173 679
1174 680
1175 681
1176 682
1177 683
1178 684
1179 685
1180 686
1181 687
1182 688
1183 689
1184 690
1185 691
1186 692
1187 693
1188 495
1189 496
1190 497
1191 498
1192 499
1193 500
1194 501
1195 502
1196 503
1197 504
1198 505
1199 506
1200 507
1201 508
1202 509
1203 510
1204 511
1205 512
1206 513
1207 514
1208 515
1209 516
1210 517
1211 518
1212 519
1213 520
1214 521
1215 522
1216 523
1217 524
1218 525
1219 526
1220 527
1221 528
1222 529
1223 530
1224 531
1225 532
1226 533
1227 534
1228 535
1229 536
1230 537
1231 538
1232 539
1233 540
1234 541
1235 542
1236 543
1237 544
1238 545
1239 546
1240 547
1241 548
1242 549
1243 550
1244 551
1245 552
1246 553
1247 554
1248 555
1249 556
1250 557
1251 558
1252 559
1253 560
1254 561
1255 562
1256 563
1257 564
1258 565
1259 566
1260 567
1261 568
1262 569
1263 570
1264 571
1265 572
1266 573
1267 574
1268 575
1269 576
1270 577
1271 578
1272 579
1273 580
1274 581
1275 582
1276 583
1277 584
1278 585
1279 586
1280 587
1281 588
1282 589
1283 590
1284 591
1285 592
1286 593
1287 594
1288 595
1289 596
1290 597
1291 598
1292 599
1293 600
1294 601
1295 602
1296 603
1297 604
1298 605
1299 606
1300 607
1301 608
1302 609
1303 610
1304 611
1305 612
1306 613
1307 614
1308 615
1309 616
1310 617
1311 618
1312 619
1313 620
1314 621
1315 622
1316 623
1317 624
1318 625
1319 626
1320 627
1321 628
1322 629
1323 630
1324 631
1325 632
1326 633
1327 634
1328 635
1329 636
1330 637
1331 638
1332 639
1333 640
1334 641
1335 642
1336 643
1337 644
1338 645
1339 646
1340 647
1341 648
1342 649
1343 650
1344 651
1345 652
1346 653
1347 654
1348 655
1349 656
1350 657
1351 658
1352 659
1353 660
1354 661
1355 662
1356 663
1357 664
1358 665
1359 666
1360 667
1361 668
1362 669
1363 670
1364 671
1365 672
1366 673
1367 674
1368 675
1369 676
1370 677
1371 678
1372 679
1373 680
1374 681
1375 682
1376 683
1377 684
1378 685
1379 686
1380 687
1381 688
1382 689
1383 690
1384 691
1385 692
1386 693
1387 694
1388 695
1389 696
1390 697
1391 698
1392 699
1393 700
1394 701
1395 702
1396 703
1397 704
1398 705
1399 706
1400 707
1401 708
1402 709
1403 710
1404 711
1405 712
1406 713
1407 714
1408 715
1409 716
1410 717
1411 718
1412 719
1413 720
1414 721
1415 722
1416 723
1417 724
1418 725
1419 726
1420 727
1421 728
1422 729
1423 730
1424 731
1425 732
1426 733
1427 734
1428 735
1429 736
1430 737
1431 738
1432 739
1433 740
1434 741
1435 742
1436 743
1437 744
1438 745
1439 746
1440 747
1441 748
1442 749
1443 750
1444 751
1445 752
1446 753
1447 754
1448 755
1449 756
1450 757
1451 758
1452 759
1453 760
1454 761
1455 762
1456 763
1457 764
1458 765
1459 766
1460 767
1461 768
1462 769
1463 770
1464 771
1465 772
1466 773
1467 774
1468 775
1469 776
1470 777
1471 778
1472 779
1473 780
1474 781
1475 782
1476 783
1477 784
1478 785
1479 786
1480 787
1481 788
1482 789
1483 790
1484 791
1485 792
1486 793
1487 794
1488 795
1489 796
1490 797
1491 798
1492 799
1493 800
1494 801
1495 802
1496 803
1497 804
1498 805
1499 806
1500 807
1501 808
1502 809
1503 810
1504 811
1505 812
1506 813
1507 814
1508 815
1509 816
1510 817
1511 818
1512 819
1513 820
1514 821
1515 822
1516 823
1517 824
1518 825
1519 826
1520 827
1521 828
1522 829
1523 830
1524 831
1525 832
1526 833
1527 834
1528 835
1529 836
1530 837
1531 838
1532 839
1533 840
1534 841
1535 842
1536 843
1537 844
1538 845
1539 846
1540 847
1541 848
1542 849
1543 850
1544 851
1545 852
1546 853
1547 854
1548 855
1549 856
1550 857
1551 858
1552 859
1553 860
1554 861
1555 862
1556 863
1557 864
1558 865
1559 866
1560 867
1561 868
1562 869
1563 870
1564 871
1565 872
1566 873
1567 874
1568 875
1569 876
1570 877
1571 878
1572 879
1573 880
1574 881
1575 882
1576 883
1577 884
1578 885
1579 694
1580 695
1581 696
1582 697
1583 698
1584 699
1585 700
1586 701
1587 702
1588 703
1589 704
1590 705
1591 706
1592 707
1593 708
1594 709
1595 710
1596 711
1597 712
1598 713
1599 714
1600 715
1601 716
1602 717
1603 718
1604 719
1605 720
1606 721
1607 722
1608 723
1609 724
1610 725
1611 726
1612 727
1613 728
1614 729
1615 730
1616 731
1617 732
1618 733
1619 734
1620 735
1621 736
1622 737
1623 738
1624 739
1625 740
1626 741
1627 742
1628 743
1629 744
1630 745
1631 746
1632 747
1633 748
1634 749
1635 750
1636 751
1637 752
1638 753
1639 754
1640 755
1641 756
1642 757
1643 758
1644 759
1645 760
1646 761
1647 762
1648 763
1649 764
1650 765
1651 766
1652 767
1653 768
1654 769
1655 770
1656 771
1657 772
1658 773
1659 774
1660 775
1661 776
1662 777
1663 778
1664 779
1665 780
1666 781
1667 782
1668 783
1669 784
1670 785
1671 786
1672 787
1673 788
1674 789
1675 790
1676 791
1677 792
1678 793
1679 794
1680 795
1681 796
1682 797
1683 798
1684 799
1685 800
1686 801
1687 802
1688 803
1689 804
1690 805
1691 806
1692 807
1693 808
1694 809
1695 810
1696 811
1697 812
1698 813
1699 814
1700 815
1701 816
1702 817
1703 818
1704 819
1705 820
1706 821
1707 822
1708 823
1709 824
1710 825
1711 826
1712 827
1713 828
1714 829
1715 830
1716 831
1717 832
1718 833
1719 834
1720 835
1721 836
1722 837
1723 838
1724 839
1725 840
1726 841
1727 842
1728 843
1729 844
1730 845
1731 846
1732 847
1733 848
1734 849
1735 850
1736 851
1737 852
1738 853
1739 854
1740 855
1741 856
1742 857
1743 858
1744 859
1745 860
1746 861
1747 862
1748 863
1749 864
1750 865
1751 866
1752 867
1753 868
1754 869
1755 870
1756 871
1757 872
1758 873
1759 874
1760 875
1761 876
1762 877
1763 878
1764 879
1765 880
1766 881
1767 882
1768 883
1769 884
1770 885
1771 886
1772 887
1773 888
1774 889
1775 890
1776 891
1777 892
1778 893
1779 894
1780 895
1781 896
1782 897
1783 898
1784 899
1785 900
1786 901
1787 902
1788 903
1789 904
1790 905
1791 906
1792 907
1793 908
1794 909
1795 910
1796 911
1797 912
1798 913
1799 914
1800 915
1801 916
1802 917
1803 918
1804 919
1805 920
1806 921
1807 922
1808 923
1809 924
1810 925
1811 926
1812 927
1813 928
1814 929
1815 930
1816 931
1817 932
1818 933
1819 934
1820 935
1821 936
1822 937
1823 938
1824 939
1825 940
1826 941
1827 942
1828 943
1829 944
1830 945
1831 946
1832 947
1833 948
1834 949
1835 950
1836 951
1837 952
1838 953
1839 954
1840 955
1841 956
1842 957
1843 958
1844 959
1845 960
1846 961
1847 962
1848 963
1849 964
1850 965
1851 966
1852 967
1853 968
1854 969
1855 970
1856 971
1857 972
1858 973
1859 974
1860 975
1861 976
1862 977
1863 978
1864 979
1865 980
1866 981
1867 982
1868 983
1869 984
1870 985
1871 986
1872 987
1873 988
1874 989
1875 990
1876 991
1877 992
1878 993
1879 994
1880 995
1881 996
1882 997
1883 998
1884 999
1885 1000
1886 1001
1887 1002
1888 1003
1889 1004
1890 1005
1891 1006
1892 1007
1893 1008
1894 1009
1895 1010
1896 1011
1897 1012
1898 1013
1899 1014
1900 1015
1901 1016
1902 1017
1903 1018
1904 1019
1905 1020
1906 1021
1907 1022
1908 1023
1909 1024
1910 1025
1911 1026
1912 1027
1913 1028
1914 1029
1915 1030
1916 1031
1917 1032
1918 1033
1919 1034
1920 1035
1921 1036
1922 1037
1923 1038
1924 1039
1925 1040
1926 1041
1927 1042
1928 1043
1929 1044
1930 1045
1931 1046
1932 1047
1933 1048
1934 1049
1935 1050
1936 1051
1937 1052
1938 1053
1939 1054
1940 1055
1941 1056
1942 1057
1943 1058
1944 1059
1945 1060
1946 1061
1947 1062
1948 1063
1949 1064
1950 1065
1951 1066
1952 886
1953 887
1954 888
1955 889
1956 890
1957 891
1958 892
1959 893
1960 894
1961 895
1962 896
1963 897
1964 898
1965 899
1966 900
1967 901
1968 902
1969 903
1970 904
1971 905
1972 906
1973 907
1974 908
1975 909
1976 910
1977 911
1978 912
1979 913
1980 914
1981 915
1982 916
1983 917
1984 918
1985 919
1986 920
1987 921
1988 922
1989 923
1990 924
1991 925
1992 926
1993 927
1994 928
1995 929
1996 930
1997 931
1998 932
1999 933
2000 934
2001 935
2002 936
2003 937
2004 938
2005 939
2006 940
2007 941
2008 942
2009 943
2010 944
2011 945
2012 946
2013 947
2014 948
2015 949
2016 950
2017 951
2018 952
2019 953
2020 954
2021 955
2022 956
2023 957
2024 958
2025 959
2026 960
2027 961
2028 962
2029 963
2030 964
2031 965
2032 966
2033 967
2034 968
2035 969
2036 970
2037 971
2038 972
2039 973
2040 974
2041 975
2042 976
2043 977
2044 978
2045 979
2046 980
2047 981
2048 982
2049 983
2050 984
2051 985
2052 986
2053 987
2054 988
2055 989
2056 990
2057 991
2058 992
2059 993
2060 994
2061 995
2062 996
2063 997
2064 998
2065 999
2066 1000
2067 1001
2068 1002
2069 1003
2070 1004
2071 1005
2072 1006
2073 1007
2074 1008
2075 1009
2076 1010
2077 1011
2078 1012
2079 1013
2080 1014
2081 1015
2082 1016
2083 1017
2084 1018
2085 1019
2086 1020
2087 1021
2088 1022
2089 1023
2090 1024
2091 1025
2092 1026
2093 1027
2094 1028
2095 1029
2096 1030
2097 1031
2098 1032
2099 1033
2100 1034
2101 1035
2102 1036
2103 1037
2104 1038
2105 1039
2106 1040
2107 1041
2108 1042
2109 1043
2110 1044
2111 1045
2112 1046
2113 1047
2114 1048
2115 1049
2116 1050
2117 1051
2118 1052
2119 1053
2120 1054
2121 1055
2122 1056
2123 1057
2124 1058
2125 1059
2126 1060
2127 1061
2128 1062
2129 1063
2130 1064
2131 1065
2132 1066
2133 1067
2134 1068
2135 1069
2136 1070
2137 1071
2138 1072
2139 1073
2140 1074
2141 1075
2142 1076
2143 1077
2144 1078
2145 1079
2146 1080
2147 1081
2148 1082
2149 1083
2150 1084
2151 1085
2152 1086
2153 1087
2154 1088
2155 1089
2156 1090
2157 1091
2158 1092
2159 1093
2160 1094
2161 1095
2162 1096
2163 1097
2164 1098
2165 1099
2166 1100
2167 1101
2168 1102
2169 1103
2170 1104
2171 1105
2172 1106
2173 1107
2174 1108
2175 1109
2176 1110
2177 1111
2178 1112
2179 1113
2180 1114
2181 1115
2182 1116
2183 1117
2184 1118
2185 1119
2186 1120
2187 1121
2188 1122
2189 1123
2190 1124
2191 1125
2192 1126
2193 1127
2194 1128
2195 1129
2196 1130
2197 1131
2198 1132
2199 1133
2200 1134
2201 1135
2202 1136
2203 1137
2204 1138
2205 1139
2206 1140
2207 1141
2208 1142
2209 1143
2210 1144
2211 1145
2212 1146
2213 1147
2214 1148
2215 1149
2216 1150
2217 1151
2218 1152
2219 1153
2220 1154
2221 1155
2222 1156
2223 1157
2224 1158
2225 1159
2226 1160
2227 1161
2228 1162
2229 1163
2230 1164
2231 1165
2232 1166
2233 1167
2234 1168
2235 1169
2236 1170
2237 1171
2238 1172
2239 1173
2240 1174
2241 1175
2242 1176
2243 1177
2244 1178
2245 1179
2246 1180
2247 1181
2248 1182
2249 1183
2250 1184
2251 1185
2252 1186
2253 1187
2254 1188
2255 1189
2256 1190
2257 1191
2258 1192
2259 1193
2260 1194
2261 1195
2262 1196
2263 1197
2264 1198
2265 1199
2266 1200
2267 1201
2268 1202
2269 1203
2270 1204
2271 1205
2272 1206
2273 1207
2274 1208
2275 1209
2276 1210
2277 1211
2278 1212
2279 1213
2280 1214
2281 1215
2282 1216
2283 1217
2284 1218
2285 1219
2286 1220
2287 1221
2288 1222
2289 1223
2290 1224
2291 1225
2292 1226
2293 1227
2294 1228
2295 1229
2296 1230
2297 1231
2298 1232
2299 1233
2300 1234
2301 1235
2302 1236
2303 1237
2304 1238
2305 1067
2306 1068
2307 1069
2308 1070
2309 1071
2310 1072
2311 1073
2312 1074
2313 1075
2314 1076
2315 1077
2316 1078
2317 1079
2318 1080
2319 1081
2320 1082
2321 1083
2322 1084
2323 1085
2324 1086
2325 1087
2326 1088
2327 1089
2328 1090
2329 1091
2330 1092
2331 1093
2332 1094
2333 1095
2334 1096
2335 1097
2336 1098
2337 1099
2338 1100
2339 1101
2340 1102
2341 1103
2342 1104
2343 1105
2344 1106
2345 1107
2346 1108
2347 1109
2348 1110
2349 1111
2350 1112
2351 1113
2352 1114
2353 1115
2354 1116
2355 1117
2356 1118
2357 1119
2358 1120
2359 1121
2360 1122
2361 1123
2362 1124
2363 1125
2364 1126
2365 1127
2366 1128
2367 1129
2368 1130
2369 1131
2370 1132
2371 1133
2372 1134
2373 1135
2374 1136
2375 1137
2376 1138
2377 1139
2378 1140
2379 1141
2380 1142
2381 1143
2382 1144
2383 1145
2384 1146
2385 1147
2386 1148
2387 1149
2388 1150
2389 1151
2390 1152
2391 1153
2392 1154
2393 1155
2394 1156
2395 1157
2396 1158
2397 1159
2398 1160
2399 1161
2400 1162
2401 1163
2402 1164
2403 1165
2404 1166
2405 1167
2406 1168
2407 1169
2408 1170
2409 1171
2410 1172
2411 1173
2412 1174
2413 1175
2414 1176
2415 1177
2416 1178
2417 1179
2418 1180
2419 1181
2420 1182
2421 1183
2422 1184
2423 1185
2424 1186
2425 1187
2426 1188
2427 1189
2428 1190
2429 1191
2430 1192
2431 1193
2432 1194
2433 1195
2434 1196
2435 1197
2436 1198
2437 1199
2438 1200
2439 1201
2440 1202
2441 1203
2442 1204
2443 1205
2444 1206
2445 1207
2446 1208
2447 1209
2448 1210
2449 1211
2450 1212
2451 1213
2452 1214
2453 1215
2454 1216
2455 1217
2456 1218
2457 1219
2458 1220
2459 1221
2460 1222
2461 1223
2462 1224
2463 1225
2464 1226
2465 1227
2466 1228
2467 1229
2468 1230
2469 1231
2470 1232
2471 1233
2472 1234
2473 1235
2474 1236
2475 1237
2476 1238
2477 1239
2478 1240
2479 1241
2480 1242
2481 1243
2482 1244
2483 1245
2484 1246
2485 1247
2486 1248
2487 1249
2488 1250
2489 1251
2490 1252
2491 1253
2492 1254
2493 1255
2494 1256
2495 1257
2496 1258
2497 1259
2498 1260
2499 1261
2500 1262
2501 1263
2502 1264
2503 1265
2504 1266
2505 1267
2506 1268
2507 1269
2508 1270
2509 1271
2510 1272
2511 1273
2512 1274
2513 1275
2514 1276
2515 1277
2516 1278
2517 1279
2518 1280
2519 1281
2520 1282
2521 1283
2522 1284
2523 1285
2524 1286
2525 1287
2526 1288
2527 1289
2528 1290
2529 1291
2530 1292
2531 1293
2532 1294
2533 1295
2534 1296
2535 1297
2536 1298
2537 1299
2538 1300
2539 1301
2540 1302
2541 1303
2542 1304
2543 1305
2544 1306
2545 1307
2546 1308
2547 1309
2548 1310
2549 1311
2550 1312
2551 1313
2552 1314
2553 1315
2554 1316
2555 1317
2556 1318
2557 1319
2558 1320
2559 1321
2560 1322
2561 1323
2562 1324
2563 1325
2564 1326
2565 1327
2566 1328
2567 1329
2568 1330
2569 1331
2570 1332
2571 1333
2572 1334
2573 1335
2574 1336
2575 1337
2576 1338
2577 1339
2578 1340
2579 1341
2580 1342
2581 1343
2582 1344
2583 1345
2584 1346
2585 1347
2586 1348
2587 1349
2588 1350
2589 1351
2590 1352
2591 1353
2592 1354
2593 1355
2594 1356
2595 1357
2596 1358
2597 1359
2598 1360
2599 1361
2600 1362
2601 1363
2602 1364
2603 1365
2604 1366
2605 1367
2606 1368
2607 1369
2608 1370
2609 1371
2610 1372
2611 1373
2612 1374
2613 1375
2614 1376
2615 1377
2616 1378
2617 1379
2618 1380
2619 1381
2620 1382
2621 1383
2622 1384
2623 1385
2624 1386
2625 1387
2626 1388
2627 1389
2628 1390
2629 1391
2630 1392
2631 1393
2632 1394
2633 1395
2634 1396
2635 1397
2636 1398
2637 1239
2638 1240
2639 1241
2640 1242
2641 1243
2642 1244
2643 1245
2644 1246
2645 1247
2646 1248
2647 1249
2648 1250
2649 1251
2650 1252
2651 1253
2652 1254
2653 1255
2654 1256
2655 1257
2656 1258
2657 1259
2658 1260
2659 1261
2660 1262
2661 1263
2662 1264
2663 1265
2664 1266
2665 1267
2666 1268
2667 1269
2668 1270
2669 1271
2670 1272
2671 1273
2672 1274
2673 1275
2674 1276
2675 1277
2676 1278
2677 1279
2678 1280
2679 1281
2680 1282
2681 1283
2682 1284
2683 1285
2684 1286
2685 1287
2686 1288
2687 1289
2688 1290
2689 1291
2690 1292
2691 1293
2692 1294
2693 1295
2694 1296
2695 1297
2696 1298
2697 1299
2698 1300
2699 1301
2700 1302
2701 1303
2702 1304
2703 1305
2704 1306
2705 1307
2706 1308
2707 1309
2708 1310
2709 1311
2710 1312
2711 1313
2712 1314
2713 1315
2714 1316
2715 1317
2716 1318
2717 1319
2718 1320
2719 1321
2720 1322
2721 1323
2722 1324
2723 1325
2724 1326
2725 1327
2726 1328
2727 1329
2728 1330
2729 1331
2730 1332
2731 1333
2732 1334
2733 1335
2734 1336
2735 1337
2736 1338
2737 1339
2738 1340
2739 1341
2740 1342
2741 1343
2742 1344
2743 1345
2744 1346
2745 1347
2746 1348
2747 1349
2748 1350
2749 1351
2750 1352
2751 1353
2752 1354
2753 1355
2754 1356
2755 1357
2756 1358
2757 1359
2758 1360
2759 1361
2760 1362
2761 1363
2762 1364
2763 1365
2764 1366
2765 1367
2766 1368
2767 1369
2768 1370
2769 1371
2770 1372
2771 1373
2772 1374
2773 1375
2774 1376
2775 1377
2776 1378
2777 1379
2778 1380
2779 1381
2780 1382
2781 1383
2782 1384
2783 1385
2784 1386
2785 1387
2786 1388
2787 1389
2788 1390
2789 1391
2790 1392
2791 1393
2792 1394
2793 1395
2794 1396
2795 1397
2796 1398
2797 1399
2798 1400
2799 1401
2800 1402
2801 1403
2802 1404
2803 1405
2804 1406
2805 1407
2806 1408
2807 1409
2808 1410
2809 1411
2810 1412
2811 1413
2812 1414
2813 1415
2814 1416
2815 1417
2816 1418
2817 1419
2818 1420
2819 1421
2820 1422
2821 1423
2822 1424
2823 1425
2824 1426
2825 1427
2826 1428
2827 1429
2828 1430
2829 1431
2830 1432
2831 1433
2832 1434
2833 1435
2834 1436
2835 1437
2836 1438
2837 1439
2838 1440
2839 1441
2840 1442
2841 1443
2842 1444
2843 1445
2844 1446
2845 1447
2846 1448
2847 1449
2848 1450
2849 1451
2850 1452
2851 1453
2852 1454
2853 1455
2854 1456
2855 1457
2856 1458
2857 1459
2858 1460
2859 1461
2860 1462
2861 1463
2862 1464
2863 1465
2864 1466
2865 1467
2866 1468
2867 1469
2868 1470
2869 1471
2870 1472
2871 1473
2872 1474
2873 1475
2874 1476
2875 1477
2876 1478
2877 1479
2878 1480
2879 1481
2880 1482
2881 1483
2882 1484
2883 1485
2884 1486
2885 1487
2886 1488
2887 1489
2888 1490
2889 1491
2890 1492
2891 1493
2892 1494
2893 1495
2894 1496
2895 1497
2896 1498
2897 1499
2898 1500
2899 1501
2900 1502
2901 1503
2902 1504
2903 1505
2904 1506
2905 1507
2906 1508
2907 1509
2908 1510
2909 1511
2910 1512
2911 1513
2912 1514
2913 1515
2914 1516
2915 1517
2916 1518
2917 1519
2918 1520
2919 1521
2920 1522
2921 1523
2922 1524
2923 1525
2924 1526
2925 1527
2926 1528
2927 1529
2928 1530
2929 1531
2930 1532
2931 1533
2932 1534
2933 1535
2934 1536
2935 1537
2936 1538
2937 1539
2938 1540
2939 1541
2940 1542
2941 1543
2942 1544
2943 1545
2944 1399
2945 1400
2946 1401
2947 1402
2948 1403
2949 1404
2950 1405
2951 1406
2952 1407
2953 1408
2954 1409
2955 1410
2956 1411
2957 1412
2958 1413
2959 1414
2960 1415
2961 1416
2962 1417
2963 1418
2964 1419
2965 1420
2966 1421
2967 1422
2968 1423
2969 1424
2970 1425
2971 1426
2972 1427
2973 1428
2974 1429
2975 1430
2976 1431
2977 1432
2978 1433
2979 1434
2980 1435
2981 1436
2982 1437
2983 1438
2984 1439
2985 1440
2986 1441
2987 1442
2988 1443
2989 1444
2990 1445
2991 1446
2992 1447
2993 1448
2994 1449
2995 1450
2996 1451
2997 1452
2998 1453
2999 1454
3000 1455
3001 1456
3002 1457
3003 1458
3004 1459
3005 1460
3006 1461
3007 1462
3008 1463
3009 1464
3010 1465
3011 1466
3012 1467
3013 1468
3014 1469
3015 1470
3016 1471
3017 1472
3018 1473
3019 1474
3020 1475
3021 1476
3022 1477
3023 1478
3024 1479
3025 1480
3026 1481
3027 1482
3028 1483
3029 1484
3030 1485
3031 1486
3032 1487
3033 1488
3034 1489
3035 1490
3036 1491
3037 1492
3038 1493
3039 1494
3040 1495
3041 1496
3042 1497
3043 1498
3044 1499
3045 1500
3046 1501
3047 1502
3048 1503
3049 1504
3050 1505
3051 1506
3052 1507
3053 1508
3054 1509
3055 1510
3056 1511
3057 1512
3058 1513
3059 1514
3060 1515
3061 1516
3062 1517
3063 1518
3064 1519
3065 1520
3066 1521
3067 1522
3068 1523
3069 1524
3070 1525
3071 1526
3072 1527
3073 1528
3074 1529
3075 1530
3076 1531
3077 1532
3078 1533
3079 1534
3080 1535
3081 1536
3082 1537
3083 1538
3084 1539
3085 1540
3086 1541
3087 1542
3088 1543
3089 1544
3090 1545
3091 1546
3092 1547
3093 1548
3094 1549
3095 1550
3096 1551
3097 1552
3098 1553
3099 1554
3100 1555
3101 1556
3102 1557
3103 1558
3104 1559
3105 1560
3106 1561
3107 1562
3108 1563
3109 1564
3110 1565
3111 1566
3112 1567
3113 1568
3114 1569
3115 1570
3116 1571
3117 1572
3118 1573
3119 1574
3120 1575
3121 1576
3122 1577
3123 1578
3124 1579
3125 1580
3126 1581
3127 1582
3128 1583
3129 1584
3130 1585
3131 1586
3132 1587
3133 1588
3134 1589
3135 1590
3136 1591
3137 1592
3138 1593
3139 1594
3140 1595
3141 1596
3142 1597
3143 1598
3144 1599
3145 1600
3146 1601
3147 1602
3148 1603
3149 1604
3150 1605
3151 1606
3152 1607
3153 1608
3154 1609
3155 1610
3156 1611
3157 1612
3158 1613
3159 1614
3160 1615
3161 1616
3162 1617
3163 1618
3164 1619
3165 1620
3166 1621
3167 1622
3168 1623
3169 1624
3170 1625
3171 1626
3172 1627
3173 1628
3174 1629
3175 1630
3176 1631
3177 1632
3178 1633
3179 1634
3180 1635
3181 1636
3182 1637
3183 1638
3184 1639
3185 1640
3186 1641
3187 1642
3188 1643
3189 1644
3190 1645
3191 1646
3192 1647
3193 1648
3194 1649
3195 1650
3196 1651
3197 1652
3198 1653
3199 1654
3200 1655
3201 1656
3202 1657
3203 1658
3204 1659
3205 1660
3206 1661
3207 1662
3208 1663
3209 1664
3210 1665
3211 1666
3212 1667
3213 1668
3214 1669
3215 1670
3216 1671
3217 1672
3218 1673
3219 1674
3220 1675
3221 1676
3222 1677
3223 1678
3224 1679
3225 1680
3226 1681
3227 1682
3228 1683
3229 1684
3230 1685
3231 1686
3232 1687
3233 1546
3234 1547
3235 1548
3236 1549
3237 1550
3238 1551
3239 1552
3240 1553
3241 1554
3242 1555
3243 1556
3244 1557
3245 1558
3246 1559
3247 1560
3248 1561
3249 1562
3250 1563
3251 1564
3252 1565
3253 1566
3254 1567
3255 1568
3256 1569
3257 1570
3258 1571
3259 1572
3260 1573
3261 1574
3262 1575
3263 1576
3264 1577
3265 1578
3266 1579
3267 1580
3268 1581
3269 1582
3270 1583
3271 1584
3272 1585
3273 1586
3274 1587
3275 1588
3276 1589
3277 1590
3278 1591
3279 1592
3280 1593
3281 1594
3282 1595
3283 1596
3284 1597
3285 1598
3286 1599
3287 1600
3288 1601
3289 1602
3290 1603
3291 1604
3292 1605
3293 1606
3294 1607
3295 1608
3296 1609
3297 1610
3298 1611
3299 1612
3300 1613
3301 1614
3302 1615
3303 1616
3304 1617
3305 1618
3306 1619
3307 1620
3308 1621
3309 1622
3310 1623
3311 1624
3312 1625
3313 1626
3314 1627
3315 1628
3316 1629
3317 1630
3318 1631
3319 1632
3320 1633
3321 1634
3322 1635
3323 1636
3324 1637
3325 1638
3326 1639
3327 1640
3328 1641
3329 1642
3330 1643
3331 1644
3332 1645
3333 1646
3334 1647
3335 1648
3336 1649
3337 1650
3338 1651
3339 1652
3340 1653
3341 1654
3342 1655
3343 1656
3344 1657
3345 1658
3346 1659
3347 1660
3348 1661
3349 1662
3350 1663
3351 1664
3352 1665
3353 1666
3354 1667
3355 1668
3356 1669
3357 1670
3358 1671
3359 1672
3360 1673
3361 1674
3362 1675
3363 1676
3364 1677
3365 1678
3366 1679
3367 1680
3368 1681
3369 1682
3370 1683
3371 1684
3372 1685
3373 1686
3374 1687
3375 1688
3376 1689
3377 1690
3378 1691
3379 1692
3380 1693
3381 1694
3382 1695
3383 1696
3384 1697
3385 1698
3386 1699
3387 1700
3388 1701
3389 1702
3390 1703
3391 1704
3392 1705
3393 1706
3394 1707
3395 1708
3396 1709
3397 1710
3398 1711
3399 1712
3400 1713
3401 1714
3402 1715
3403 1716
3404 1717
3405 1718
3406 1719
3407 1720
3408 1721
3409 1722
3410 1723
3411 1724
3412 1725
3413 1726
3414 1727
3415 1728
3416 1729
3417 1730
3418 1731
3419 1732
3420 1733
3421 1734
3422 1735
3423 1736
3424 1737
3425 1738
3426 1739
3427 1740
3428 1741
3429 1742
3430 1743
3431 1744
3432 1745
3433 1746
3434 1747
3435 1748
3436 1749
3437 1750
3438 1751
3439 1752
3440 1753
3441 1754
3442 1755
3443 1756
3444 1757
3445 1758
3446 1759
3447 1760
3448 1761
3449 1762
3450 1763
3451 1764
3452 1765
3453 1766
3454 1767
3455 1768
3456 1769
3457 1770
3458 1771
3459 1772
3460 1773
3461 1774
3462 1775
3463 1776
3464 1777
3465 1778
3466 1779
3467 1780
3468 1781
3469 1782
3470 1783
3471 1784
3472 1785
3473 1786
3474 1787
3475 1788
3476 1789
3477 1790
3478 1791
3479 1792
3480 1793
3481 1794
3482 1795
3483 1796
3484 1797
3485 1798
3486 1799
3487 1800
3488 1801
3489 1802
3490 1803
3491 1804
3492 1805
3493 1806
3494 1807
3495 1808
3496 1809
3497 1810
3498 1811
3499 1812
3500 1813
3501 1814
3502 1815
3503 1816
3504 1817
3505 1818
3506 1819
3507 1820
3508 1821
3509 1822
3510 1823
3511 1688
3512 1689
3513 1690
3514 1691
3515 1692
3516 1693
3517 1694
3518 1695
3519 1696
3520 1697
3521 1698
3522 1699
3523 1700
3524 1701
3525 1702
3526 1703
3527 1704
3528 1705
3529 1706
3530 1707
3531 1708
3532 1709
3533 1710
3534 1711
3535 1712
3536 1713
3537 1714
3538 1715
3539 1716
3540 1717
3541 1718
3542 1719
3543 1720
3544 1721
3545 1722
3546 1723
3547 1724
3548 1725
3549 1726
3550 1727
3551 1728
3552 1729
3553 1730
3554 1731
3555 1732
3556 1733
3557 1734
3558 1735
3559 1736
3560 1737
3561 1738
3562 1739
3563 1740
3564 1741
3565 1742
3566 1743
3567 1744
3568 1745
3569 1746
3570 1747
3571 1748
3572 1749
3573 1750
3574 1751
3575 1752
3576 1753
3577 1754
3578 1755
3579 1756
3580 1757
3581 1758
3582 1759
3583 1760
3584 1761
3585 1762
3586 1763
3587 1764
3588 1765
3589 1766
3590 1767
3591 1768
3592 1769
3593 1770
3594 1771
3595 1772
3596 1773
3597 1774
3598 1775
3599 1776
3600 1777
3601 1778
3602 1779
3603 1780
3604 1781
3605 1782
3606 1783
3607 1784
3608 1785
3609 1786
3610 1787
3611 1788
3612 1789
3613 1790
3614 1791
3615 1792
3616 1793
3617 1794
3618 1795
3619 1796
3620 1797
3621 1798
3622 1799
3623 1800
3624 1801
3625 1802
3626 1803
3627 1804
3628 1805
3629 1806
3630 1807
3631 1808
3632 1809
3633 1810
3634 1811
3635 1812
3636 1813
3637 1814
3638 1815
3639 1816
3640 1817
3641 1818
3642 1819
3643 1820
3644 1821
3645 1822
3646 1823
3647 1824
3648 1825
3649 1826
3650 1827
3651 1828
3652 1829
3653 1830
3654 1831
3655 1832
3656 1833
3657 1834
3658 1835
3659 1836
3660 1837
3661 1838
3662 1839
3663 1840
3664 1841
3665 1842
3666 1843
3667 1844
3668 1845
3669 1846
3670 1847
3671 1848
3672 1849
3673 1850
3674 1851
3675 1852
3676 1853
3677 1854
3678 1855
3679 1856
3680 1857
3681 1858
3682 1859
3683 1860
3684 1861
3685 1862
3686 1863
3687 1864
3688 1865
3689 1866
3690 1867
3691 1868
3692 1869
3693 1870
3694 1871
3695 1872
3696 1873
3697 1874
3698 1875
3699 1876
3700 1877
3701 1878
3702 1879
3703 1880
3704 1881
3705 1882
3706 1883
3707 1884
3708 1885
3709 1886
3710 1887
3711 1888
3712 1889
3713 1890
3714 1891
3715 1892
3716 1893
3717 1894
3718 1895
3719 1896
3720 1897
3721 1898
3722 1899
3723 1900
3724 1901
3725 1902
3726 1903
3727 1904
3728 1905
3729 1906
3730 1907
3731 1908
3732 1909
3733 1910
3734 1911
3735 1912
3736 1913
3737 1914
3738 1915
3739 1916
3740 1917
3741 1918
3742 1919
3743 1920
3744 1921
3745 1922
3746 1923
3747 1924
3748 1925
3749 1926
3750 1927
3751 1928
3752 1929
3753 1930
3754 1931
3755 1932
3756 1933
3757 1934
3758 1935
3759 1936
3760 1937
3761 1938
3762 1939
3763 1940
3764 1941
3765 1942
3766 1943
3767 1944
3768 1945
3769 1946
3770 1947
3771 1948
3772 1949
3773 1950
3774 1951
3775 1952
3776 1953
3777 1954
3778 1955
3779 1956
3780 1957
3781 1958
3782 1959
3783 1824
3784 1825
3785 1826
3786 1827
3787 1828
3788 1829
3789 1830
3790 1831
3791 1832
3792 1833
3793 1834
3794 1835
3795 1836
3796 1837
3797 1838
3798 1839
3799 1840
3800 1841
3801 1842
3802 1843
3803 1844
3804 1845
3805 1846
3806 1847
3807 1848
3808 1849
3809 1850
3810 1851
3811 1852
3812 1853
3813 1854
3814 1855
3815 1856
3816 1857
3817 1858
3818 1859
3819 1860
3820 1861
3821 1862
3822 1863
3823 1864
3824 1865
3825 1866
3826 1867
3827 1868
3828 1869
3829 1870
3830 1871
3831 1872
3832 1873
3833 1874
3834 1875
3835 1876
3836 1877
3837 1878
3838 1879
3839 1880
3840 1881
3841 1882
3842 1883
3843 1884
3844 1885
3845 1886
3846 1887
3847 1888
3848 1889
3849 1890
3850 1891
3851 1892
3852 1893
3853 1894
3854 1895
3855 1896
3856 1897
3857 1898
3858 1899
3859 1900
3860 1901
3861 1902
3862 1903
3863 1904
3864 1905
3865 1906
3866 1907
3867 1908
3868 1909
3869 1910
3870 1911
3871 1912
3872 1913
3873 1914
3874 1915
3875 1916
3876 1917
3877 1918
3878 1919
3879 1920
3880 1921
3881 1922
3882 1923
3883 1924
3884 1925
3885 1926
3886 1927
3887 1928
3888 1929
3889 1930
3890 1931
3891 1932
3892 1933
3893 1934
3894 1935
3895 1936
3896 1937
3897 1938
3898 1939
3899 1940
3900 1941
3901 1942
3902 1943
3903 1944
3904 1945
3905 1946
3906 1947
3907 1948
3908 1949
3909 1950
3910 1951
3911 1952
3912 1953
3913 1954
3914 1955
3915 1956
3916 1957
3917 1958
3918 1959
3919 1960
3920 1961
3921 1962
3922 1963
3923 1964
3924 1965
3925 1966
3926 1967
3927 1968
3928 1969
3929 1970
3930 1971
3931 1972
3932 1973
3933 1974
3934 1975
3935 1976
3936 1977
3937 1978
3938 1979
3939 1980
3940 1981
3941 1982
3942 1983
3943 1984
3944 1985
3945 1986
3946 1987
3947 1988
3948 1989
3949 1990
3950 1991
3951 1992
3952 1993
3953 1994
3954 1995
3955 1996
3956 1997
3957 1998
3958 1999
3959 2000
3960 2001
3961 2002
3962 2003
3963 2004
3964 2005
3965 2006
3966 2007
3967 2008
3968 2009
3969 2010
3970 2011
3971 2012
3972 2013
3973 2014
3974 2015
3975 2016
3976 2017
3977 2018
3978 2019
3979 2020
3980 2021
3981 2022
3982 2023
3983 2024
3984 2025
3985 2026
3986 2027
3987 2028
3988 2029
3989 2030
3990 2031
3991 2032
3992 2033
3993 2034
3994 2035
3995 2036
3996 2037
3997 2038
3998 2039
3999 2040
4000 2041
4001 2042
4002 2043
4003 2044
4004 2045
4005 2046
4006 2047
4007 2048
4008 2049
4009 2050
4010 2051
4011 2052
4012 2053
4013 2054
4014 2055
4015 2056
4016 2057
4017 2058
4018 2059
4019 2060
4020 2061
4021 2062
4022 2063
4023 2064
4024 2065
4025 2066
4026 2067
4027 2068
4028 2069
4029 2070
4030 2071
4031 2072
4032 2073
4033 2074
4034 2075
4035 2076
4036 2077
4037 2078
4038 2079
4039 2080
4040 2081
4041 2082
4042 2083
4043 2084
4044 2085
4045 2086
4046 2087
4047 2088
4048 2089
4049 2090
4050 2091
4051 2092
4052 2093
4053 1960
4054 1961
4055 1962
4056 1963
4057 1964
4058 1965
4059 1966
4060 1967
4061 1968
4062 1969
4063 1970
4064 1971
4065 1972
4066 1973
4067 1974
4068 1975
4069 1976
4070 1977
4071 1978
4072 1979
4073 1980
4074 1981
4075 1982
4076 1983
4077 1984
4078 1985
4079 1986
4080 1987
4081 1988
4082 1989
4083 1990
4084 1991
4085 1992
4086 1993
4087 1994
4088 1995
4089 1996
4090 1997
4091 1998
4092 1999
4093 2000
4094 2001
4095 2002
4096 2003
4097 2004
4098 2005
4099 2006
4100 2007
4101 2008
4102 2009
4103 2010
4104 2011
4105 2012
4106 2013
4107 2014
4108 2015
4109 2016
4110 2017
4111 2018
4112 2019
4113 2020
4114 2021
4115 2022
4116 2023
4117 2024
4118 2025
4119 2026
4120 2027
4121 2028
4122 2029
4123 2030
4124 2031
4125 2032
4126 2033
4127 2034
4128 2035
4129 2036
4130 2037
4131 2038
4132 2039
4133 2040
4134 2041
4135 2042
4136 2043
4137 2044
4138 2045
4139 2046
4140 2047
4141 2048
4142 2049
4143 2050
4144 2051
4145 2052
4146 2053
4147 2054
4148 2055
4149 2056
4150 2057
4151 2058
4152 2059
4153 2060
4154 2061
4155 2062
4156 2063
4157 2064
4158 2065
4159 2066
4160 2067
4161 2068
4162 2069
4163 2070
4164 2071
4165 2072
4166 2073
4167 2074
4168 2075
4169 2076
4170 2077
4171 2078
4172 2079
4173 2080
4174 2081
4175 2082
4176 2083
4177 2084
4178 2085
4179 2086
4180 2087
4181 2088
4182 2089
4183 2090
4184 2091
4185 2092
4186 2093
4187 2094
4188 2095
4189 2096
4190 2097
4191 2098
4192 2099
4193 2100
4194 2101
4195 2102
4196 2103
4197 2104
4198 2105
4199 2106
4200 2107
4201 2108
4202 2109
4203 2110
4204 2111
4205 2112
4206 2113
4207 2114
4208 2115
4209 2116
4210 2117
4211 2118
4212 2119
4213 2120
4214 2121
4215 2122
4216 2123
4217 2124
4218 2125
4219 2126
4220 2127
4221 2128
4222 2129
4223 2130
4224 2131
4225 2132
4226 2133
4227 2134
4228 2135
4229 2136
4230 2137
4231 2138
4232 2139
4233 2140
4234 2141
4235 2142
4236 2143
4237 2144
4238 2145
4239 2146
4240 2147
4241 2148
4242 2149
4243 2150
4244 2151
4245 2152
4246 2153
4247 2154
4248 2155
4249 2156
4250 2157
4251 2158
4252 2159
4253 2160
4254 2161
4255 2162
4256 2163
4257 2164
4258 2165
4259 2166
4260 2167
4261 2168
4262 2169
4263 2170
4264 2171
4265 2172
4266 2173
4267 2174
4268 2175
4269 2176
4270 2177
4271 2178
4272 2179
4273 2180
4274 2181
4275 2182
4276 2183
4277 2184
4278 2185
4279 2186
4280 2187
4281 2188
4282 2189
4283 2190
4284 2191
4285 2192
4286 2193
4287 2194
4288 2195
4289 2196
4290 2197
4291 2198
4292 2199
4293 2200
4294 2201
4295 2202
4296 2203
4297 2204
4298 2205
4299 2206
4300 2207
4301 2208
4302 2209
4303 2094
4304 2095
4305 2096
4306 2097
4307 2098
4308 2099
4309 2100
4310 2101
4311 2102
4312 2103
4313 2104
4314 2105
4315 2106
4316 2107
4317 2108
4318 2109
4319 2110
4320 2111
4321 2112
4322 2113
4323 2114
4324 2115
4325 2116
4326 2117
4327 2118
4328 2119
4329 2120
4330 2121
4331 2122
4332 2123
4333 2124
4334 2125
4335 2126
4336 2127
4337 2128
4338 2129
4339 2130
4340 2131
4341 2132
4342 2133
4343 2134
4344 2135
4345 2136
4346 2137
4347 2138
4348 2139
4349 2140
4350 2141
4351 2142
4352 2143
4353 2144
4354 2145
4355 2146
4356 2147
4357 2148
4358 2149
4359 2150
4360 2151
4361 2152
4362 2153
4363 2154
4364 2155
4365 2156
4366 2157
4367 2158
4368 2159
4369 2160
4370 2161
4371 2162
4372 2163
4373 2164
4374 2165
4375 2166
4376 2167
4377 2168
4378 2169
4379 2170
4380 2171
4381 2172
4382 2173
4383 2174
4384 2175
4385 2176
4386 2177
4387 2178
4388 2179
4389 2180
4390 2181
4391 2182
4392 2183
4393 2184
4394 2185
4395 2186
4396 2187
4397 2188
4398 2189
4399 2190
4400 2191
4401 2192
4402 2193
4403 2194
4404 2195
4405 2196
4406 2197
4407 2198
4408 2199
4409 2200
4410 2201
4411 2202
4412 2203
4413 2204
4414 2205
4415 2206
4416 2207
4417 2208
4418 2209
4419 2210
4420 2211
4421 2212
4422 2213
4423 2214
4424 2215
4425 2216
4426 2217
4427 2218
4428 2219
4429 2220
4430 2221
4431 2222
4432 2223
4433 2224
4434 2225
4435 2226
4436 2227
4437 2228
4438 2229
4439 2230
4440 2231
4441 2232
4442 2233
4443 2234
4444 2235
4445 2236
4446 2237
4447 2238
4448 2239
4449 2240
4450 2241
4451 2242
4452 2243
4453 2244
4454 2245
4455 2246
4456 2247
4457 2248
4458 2249
4459 2250
4460 2251
4461 2252
4462 2253
4463 2254
4464 2255
4465 2256
4466 2257
4467 2258
4468 2259
4469 2260
4470 2261
4471 2262
4472 2263
4473 2264
4474 2265
4475 2266
4476 2267
4477 2268
4478 2269
4479 2270
4480 2271
4481 2272
4482 2273
4483 2274
4484 2275
4485 2276
4486 2277
4487 2278
4488 2279
4489 2280
4490 2281
4491 2282
4492 2283
4493 2284
4494 2285
4495 2286
4496 2287
4497 2288
4498 2289
4499 2290
4500 2291
4501 2292
4502 2293
4503 2294
4504 2295
4505 2296
4506 2297
4507 2298
4508 2299
4509 2300
4510 2301
4511 2302
4512 2303
4513 2304
4514 2305
4515 2306
4516 2307
4517 2308
4518 2309
4519 2310
4520 2311
4521 2312
4522 2313
4523 2314
4524 2315
4525 2316
4526 2317
4527 2210
4528 2211
4529 2212
4530 2213
4531 2214
4532 2215
4533 2216
4534 2217
4535 2218
4536 2219
4537 2220
4538 2221
4539 2222
4540 2223
4541 2224
4542 2225
4543 2226
4544 2227
4545 2228
4546 2229
4547 2230
4548 2231
4549 2232
4550 2233
4551 2234
4552 2235
4553 2236
4554 2237
4555 2238
4556 2239
4557 2240
4558 2241
4559 2242
4560 2243
4561 2244
4562 2245
4563 2246
4564 2247
4565 2248
4566 2249
4567 2250
4568 2251
4569 2252
4570 2253
4571 2254
4572 2255
4573 2256
4574 2257
4575 2258
4576 2259
4577 2260
4578 2261
4579 2262
4580 2263
4581 2264
4582 2265
4583 2266
4584 2267
4585 2268
4586 2269
4587 2270
4588 2271
4589 2272
4590 2273
4591 2274
4592 2275
4593 2276
4594 2277
4595 2278
4596 2279
4597 2280
4598 2281
4599 2282
4600 2283
4601 2284
4602 2285
4603 2286
4604 2287
4605 2288
4606 2289
4607 2290
4608 2291
4609 2292
4610 2293
4611 2294
4612 2295
4613 2296
4614 2297
4615 2298
4616 2299
4617 2300
4618 2301
4619 2302
4620 2303
4621 2304
4622 2305
4623 2306
4624 2307
4625 2308
4626 2309
4627 2310
4628 2311
4629 2312
4630 2313
4631 2314
4632 2315
4633 2316
4634 2317
4635 2318
4636 2319
4637 2320
4638 2321
4639 2322
4640 2323
4641 2324
4642 2325
4643 2326
4644 2327
4645 2328
4646 2329
4647 2330
4648 2331
4649 2332
4650 2333
4651 2334
4652 2335
4653 2336
4654 2337
4655 2338
4656 2339
4657 2340
4658 2341
4659 2342
4660 2343
4661 2344
4662 2345
4663 2346
4664 2347
4665 2348
4666 2349
4667 2350
4668 2351
4669 2352
4670 2353
4671 2354
4672 2355
4673 2356
4674 2357
4675 2358
4676 2359
4677 2360
4678 2361
4679 2362
4680 2363
4681 2364
4682 2365
4683 2366
4684 2367
4685 2368
4686 2369
4687 2370
4688 2371
4689 2372
4690 2373
4691 2374
4692 2375
4693 2376
4694 2377
4695 2378
4696 2379
4697 2380
4698 2381
4699 2382
4700 2383
4701 2384
4702 2385
4703 2386
4704 2387
4705 2388
4706 2389
4707 2390
4708 2391
4709 2392
4710 2393
4711 2394
4712 2395
4713 2396
4714 2397
4715 2398
4716 2399
4717 2400
4718 2401
4719 2402
4720 2403
4721 2404
4722 2405
4723 2406
4724 2407
4725 2408
4726 2409
4727 2410
4728 2411
4729 2412
4730 2413
4731 2414
4732 2415
4733 2416
4734 2417
4735 2418
4736 2419
4737 2420
4738 2318
4739 2319
4740 2320
4741 2321
4742 2322
4743 2323
4744 2324
4745 2325
4746 2326
4747 2327
4748 2328
4749 2329
4750 2330
4751 2331
4752 2332
4753 2333
4754 2334
4755 2335
4756 2336
4757 2337
4758 2338
4759 2339
4760 2340
4761 2341
4762 2342
4763 2343
4764 2344
4765 2345
4766 2346
4767 2347
4768 2348
4769 2349
4770 2350
4771 2351
4772 2352
4773 2353
4774 2354
4775 2355
4776 2356
4777 2357
4778 2358
4779 2359
4780 2360
4781 2361
4782 2362
4783 2363
4784 2364
4785 2365
4786 2366
4787 2367
4788 2368
4789 2369
4790 2370
4791 2371
4792 2372
4793 2373
4794 2374
4795 2375
4796 2376
4797 2377
4798 2378
4799 2379
4800 2380
4801 2381
4802 2382
4803 2383
4804 2384
4805 2385
4806 2386
4807 2387
4808 2388
4809 2389
4810 2390
4811 2391
4812 2392
4813 2393
4814 2394
4815 2395
4816 2396
4817 2397
4818 2398
4819 2399
4820 2400
4821 2401
4822 2402
4823 2403
4824 2404
4825 2405
4826 2406
4827 2407
4828 2408
4829 2409
4830 2410
4831 2411
4832 2412
4833 2413
4834 2414
4835 2415
4836 2416
4837 2417
4838 2418
4839 2419
4840 2420
4841 2421
4842 2422
4843 2423
4844 2424
4845 2425
4846 2426
4847 2427
4848 2428
4849 2429
4850 2430
4851 2431
4852 2432
4853 2433
4854 2434
4855 2435
4856 2436
4857 2437
4858 2438
4859 2439
4860 2440
4861 2441
4862 2442
4863 2443
4864 2444
4865 2445
4866 2446
4867 2447
4868 2448
4869 2449
4870 2450
4871 2451
4872 2452
4873 2453
4874 2454
4875 2455
4876 2456
4877 2457
4878 2458
4879 2459
4880 2460
4881 2461
4882 2462
4883 2463
4884 2464
4885 2465
4886 2466
4887 2467
4888 2468
4889 2469
4890 2470
4891 2471
4892 2472
4893 2473
4894 2474
4895 2475
4896 2476
4897 2477
4898 2478
4899 2479
4900 2480
4901 2481
4902 2482
4903 2483
4904 2484
4905 2485
4906 2486
4907 2487
4908 2488
4909 2489
4910 2490
4911 2491
4912 2492
4913 2493
4914 2494
4915 2495
4916 2496
4917 2497
4918 2498
4919 2499
4920 2500
4921 2501
4922 2502
4923 2503
4924 2504
4925 2505
4926 2506
4927 2507
4928 2508
4929 2509
4930 2510
4931 2511
4932 2421
4933 2422
4934 2423
4935 2424
4936 2425
4937 2426
4938 2427
4939 2428
4940 2429
4941 2430
4942 2431
4943 2432
4944 2433
4945 2434
4946 2435
4947 2436
4948 2437
4949 2438
4950 2439
4951 2440
4952 2441
4953 2442
4954 2443
4955 2444
4956 2445
4957 2446
4958 2447
4959 2448
4960 2449
4961 2450
4962 2451
4963 2452
4964 2453
4965 2454
4966 2455
4967 2456
4968 2457
4969 2458
4970 2459
4971 2460
4972 2461
4973 2462
4974 2463
4975 2464
4976 2465
4977 2466
4978 2467
4979 2468
4980 2469
4981 2470
4982 2471
4983 2472
4984 2473
4985 2474
4986 2475
4987 2476
4988 2477
4989 2478
4990 2479
4991 2480
4992 2481
4993 2482
4994 2483
4995 2484
4996 2485
4997 2486
4998 2487
4999 2488
5000 2489
5001 2490
5002 2491
5003 2492
5004 2493
5005 2494
5006 2495
5007 2496
5008 2497
5009 2498
5010 2499
5011 2500
5012 2501
5013 2502
5014 2503
5015 2504
5016 2505
5017 2506
5018 2507
5019 2508
5020 2509
5021 2510
5022 2511
5023 2512
5024 2513
5025 2514
5026 2515
5027 2516
5028 2517
5029 2518
5030 2519
5031 2520
5032 2521
5033 2522
5034 2523
5035 2524
5036 2525
5037 2526
5038 2527
5039 2528
5040 2529
5041 2530
5042 2531
5043 2532
5044 2533
5045 2534
5046 2535
5047 2536
5048 2537
5049 2538
5050 2539
5051 2540
5052 2541
5053 2542
5054 2543
5055 2544
5056 2545
5057 2546
5058 2547
5059 2548
5060 2549
5061 2550
5062 2551
5063 2552
5064 2553
5065 2554
5066 2555
5067 2556
5068 2557
5069 2558
5070 2559
5071 2560
5072 2561
5073 2562
5074 2563
5075 2564
5076 2565
5077 2566
5078 2567
5079 2568
5080 2569
5081 2570
5082 2571
5083 2572
5084 2573
5085 2574
5086 2575
5087 2576
5088 2577
5089 2578
5090 2579
5091 2580
5092 2581
5093 2582
5094 2583
5095 2584
5096 2585
5097 2586
5098 2587
5099 2588
5100 2589
5101 2590
5102 2591
5103 2592
5104 2593
5105 2512
5106 2513
5107 2514
5108 2515
5109 2516
5110 2517
5111 2518
5112 2519
5113 2520
5114 2521
5115 2522
5116 2523
5117 2524
5118 2525
5119 2526
5120 2527
5121 2528
5122 2529
5123 2530
5124 2531
5125 2532
5126 2533
5127 2534
5128 2535
5129 2536
5130 2537
5131 2538
5132 2539
5133 2540
5134 2541
5135 2542
5136 2543
5137 2544
5138 2545
5139 2546
5140 2547
5141 2548
5142 2549
5143 2550
5144 2551
5145 2552
5146 2553
5147 2554
5148 2555
5149 2556
5150 2557
5151 2558
5152 2559
5153 2560
5154 2561
5155 2562
5156 2563
5157 2564
5158 2565
5159 2566
5160 2567
5161 2568
5162 2569
5163 2570
5164 2571
5165 2572
5166 2573
5167 2574
5168 2575
5169 2576
5170 2577
5171 2578
5172 2579
5173 2580
5174 2581
5175 2582
5176 2583
5177 2584
5178 2585
5179 2586
5180 2587
5181 2588
5182 2589
5183 2590
5184 2591
5185 2592
5186 2593
5187 2594
5188 2595
5189 2596
5190 2597
5191 2598
5192 2599
5193 2600
5194 2601
5195 2602
5196 2603
5197 2604
5198 2605
5199 2606
5200 2607
5201 2608
5202 2609
5203 2610
5204 2611
5205 2612
5206 2613
5207 2614
5208 2615
5209 2616
5210 2617
5211 2618
5212 2619
5213 2620
5214 2621
5215 2622
5216 2623
5217 2624
5218 2625
5219 2626
5220 2627
5221 2628
5222 2629
5223 2630
5224 2631
5225 2632
5226 2633
5227 2634
5228 2635
5229 2636
5230 2637
5231 2638
5232 2639
5233 2640
5234 2641
5235 2642
5236 2643
5237 2644
5238 2645
5239 2646
5240 2647
5241 2648
5242 2649
5243 2650
5244 2651
5245 2652
5246 2653
5247 2654
5248 2655
5249 2656
5250 2657
5251 2658
5252 2659
5253 2660
5254 2661
5255 2662
5256 2663
5257 2664
5258 2665
5259 2666
5260 2667
5261 2668
5262 2669
5263 2670
5264 2671
5265 2672
5266 2594
5267 2595
5268 2596
5269 2597
5270 2598
5271 2599
5272 2600
5273 2601
5274 2602
5275 2603
5276 2604
5277 2605
5278 2606
5279 2607
5280 2608
5281 2609
5282 2610
5283 2611
5284 2612
5285 2613
5286 2614
5287 2615
5288 2616
5289 2617
5290 2618
5291 2619
5292 2620
5293 2621
5294 2622
5295 2623
5296 2624
5297 2625
5298 2626
5299 2627
5300 2628
5301 2629
5302 2630
5303 2631
5304 2632
5305 2633
5306 2634
5307 2635
5308 2636
5309 2637
5310 2638
5311 2639
5312 2640
5313 2641
5314 2642
5315 2643
5316 2644
5317 2645
5318 2646
5319 2647
5320 2648
5321 2649
5322 2650
5323 2651
5324 2652
5325 2653
5326 2654
5327 2655
5328 2656
5329 2657
5330 2658
5331 2659
5332 2660
5333 2661
5334 2662
5335 2663
5336 2664
5337 2665
5338 2666
5339 2667
5340 2668
5341 2669
5342 2670
5343 2671
5344 2672
5345 2673
5346 2674
5347 2675
5348 2676
5349 2677
5350 2678
5351 2679
5352 2680
5353 2681
5354 2682
5355 2683
5356 2684
5357 2685
5358 2686
5359 2687
5360 2688
5361 2689
5362 2690
5363 2691
5364 2692
5365 2693
5366 2694
5367 2695
5368 2696
5369 2697
5370 2698
5371 2699
5372 2700
5373 2701
5374 2702
5375 2703
5376 2704
5377 2705
5378 2706
5379 2707
5380 2708
5381 2709
5382 2710
5383 2711
5384 2712
5385 2713
5386 2714
5387 2715
5388 2716
5389 2717
5390 2718
5391 2719
5392 2720
5393 2721
5394 2722
5395 2723
5396 2724
5397 2725
5398 2726
5399 2727
5400 2728
5401 2729
5402 2730
5403 2731
5404 2732
5405 2673
5406 2674
5407 2675
5408 2676
5409 2677
5410 2678
5411 2679
5412 2680
5413 2681
5414 2682
5415 2683
5416 2684
5417 2685
5418 2686
5419 2687
5420 2688
5421 2689
5422 2690
5423 2691
5424 2692
5425 2693
5426 2694
5427 2695
5428 2696
5429 2697
5430 2698
5431 2699
5432 2700
5433 2701
5434 2702
5435 2703
5436 2704
5437 2705
5438 2706
5439 2707
5440 2708
5441 2709
5442 2710
5443 2711
5444 2712
5445 2713
5446 2714
5447 2715
5448 2716
5449 2717
5450 2718
5451 2719
5452 2720
5453 2721
5454 2722
5455 2723
5456 2724
5457 2725
5458 2726
5459 2727
5460 2728
5461 2729
5462 2730
5463 2731
5464 2732
5465 2733
5466 2734
5467 2735
5468 2736
5469 2737
5470 2738
5471 2739
5472 2740
5473 2741
5474 2742
5475 2743
5476 2744
5477 2745
5478 2746
5479 2747
5480 2748
5481 2749
5482 2750
5483 2751
5484 2752
5485 2753
5486 2754
5487 2755
5488 2756
5489 2757
5490 2758
5491 2759
5492 2760
5493 2761
5494 2762
5495 2763
5496 2764
5497 2765
5498 2766
5499 2767
5500 2768
5501 2769
5502 2770
5503 2771
5504 2772
5505 2773
5506 2774
5507 2775
5508 2776
5509 2777
5510 2778
5511 2779
5512 2780
5513 2781
5514 2782
5515 2783
5516 2784
5517 2785
5518 2786
5519 2787
5520 2788
5521 2789
5522 2790
5523 2791
5524 2792
5525 2793
5526 2794
5527 2795
5528 2796
5529 2733
5530 2734
5531 2735
5532 2736
5533 2737
5534 2738
5535 2739
5536 2740
5537 2741
5538 2742
5539 2743
5540 2744
5541 2745
5542 2746
5543 2747
5544 2748
5545 2749
5546 2750
5547 2751
5548 2752
5549 2753
5550 2754
5551 2755
5552 2756
5553 2757
5554 2758
5555 2759
5556 2760
5557 2761
5558 2762
5559 2763
5560 2764
5561 2765
5562 2766
5563 2767
5564 2768
5565 2769
5566 2770
5567 2771
5568 2772
5569 2773
5570 2774
5571 2775
5572 2776
5573 2777
5574 2778
5575 2779
5576 2780
5577 2781
5578 2782
5579 2783
5580 2784
5581 2785
5582 2786
5583 2787
5584 2788
5585 2789
5586 2790
5587 2791
5588 2792
5589 2793
5590 2794
5591 2795
5592 2796
5593 2797
5594 2798
5595 2799
5596 2800
5597 2801
5598 2802
5599 2803
5600 2804
5601 2805
5602 2806
5603 2807
5604 2808
5605 2809
5606 2810
5607 2811
5608 2812
5609 2813
5610 2814
5611 2815
5612 2816
5613 2817
5614 2818
5615 2819
5616 2820
5617 2821
5618 2822
5619 2823
5620 2824
5621 2825
5622 2826
5623 2827
5624 2828
5625 2829
5626 2830
5627 2831
5628 2832
5629 2833
5630 2834
5631 2835
5632 2836
5633 2837
5634 2838
5635 2839
5636 2840
5637 2841
5638 2842
5639 2843
5640 2844
5641 2845
5642 2797
5643 2798
5644 2799
5645 2800
5646 2801
5647 2802
5648 2803
5649 2804
5650 2805
5651 2806
5652 2807
5653 2808
5654 2809
5655 2810
5656 2811
5657 2812
5658 2813
5659 2814
5660 2815
5661 2816
5662 2817
5663 2818
5664 2819
5665 2820
5666 2821
5667 2822
5668 2823
5669 2824
5670 2825
5671 2826
5672 2827
5673 2828
5674 2829
5675 2830
5676 2831
5677 2832
5678 2833
5679 2834
5680 2835
5681 2836
5682 2837
5683 2838
5684 2839
5685 2840
5686 2841
5687 2842
5688 2843
5689 2844
5690 2845
5691 2846
5692 2847
5693 2848
5694 2849
5695 2850
5696 2851
5697 2852
5698 2853
5699 2854
5700 2855
5701 2856
5702 2857
5703 2858
5704 2859
5705 2860
5706 2861
5707 2862
5708 2863
5709 2864
5710 2865
5711 2866
5712 2867
5713 2868
5714 2869
5715 2870
5716 2871
5717 2872
5718 2873
5719 2874
5720 2875
5721 2876
5722 2877
5723 2878
5724 2879
5725 2880
5726 2881
5727 2882
5728 2883
5729 2884
5730 2885
5731 2886
5732 2887
5733 2888
5734 2889
5735 2890
5736 2891
5737 2892
5738 2893
5739 2894
5740 2895
5741 2896
5742 2897
5743 2846
5744 2847
5745 2848
5746 2849
5747 2850
5748 2851
5749 2852
5750 2853
5751 2854
5752 2855
5753 2856
5754 2857
5755 2858
5756 2859
5757 2860
5758 2861
5759 2862
5760 2863
5761 2864
5762 2865
5763 2866
5764 2867
5765 2868
5766 2869
5767 2870
5768 2871
5769 2872
5770 2873
5771 2874
5772 2875
5773 2876
5774 2877
5775 2878
5776 2879
5777 2880
5778 2881
5779 2882
5780 2883
5781 2884
5782 2885
5783 2886
5784 2887
5785 2888
5786 2889
5787 2890
5788 2891
5789 2892
5790 2893
5791 2894
5792 2895
5793 2896
5794 2897
5795 2898
5796 2899
5797 2900
5798 2901
5799 2902
5800 2903
5801 2904
5802 2905
5803 2906
5804 2907
5805 2908
5806 2909
5807 2910
5808 2911
5809 2912
5810 2913
5811 2914
5812 2915
5813 2916
5814 2917
5815 2918
5816 2919
5817 2920
5818 2921
5819 2922
5820 2923
5821 2924
5822 2925
5823 2926
5824 2927
5825 2928
5826 2929
5827 2930
5828 2931
5829 2932
5830 2933
5831 2934
5832 2935
5833 2936
5834 2937
5835 2938
5836 2939
5837 2940
5838 2941
5839 2942
5840 2943
5841 2944
5842 2945
5843 2946
5844 2947
5845 2948
5846 2949
5847 2950
5848 2951
5849 2952
5850 2953
5851 2954
5852 2955
5853 2956
5854 2957
5855 2958
5856 2959
5857 2960
5858 2961
5859 2962
5860 2963
5861 2964
5862 2965
5863 2966
5864 2967
5865 2968
5866 2969
5867 2970
5868 2971
5869 2972
5870 2973
5871 2974
5872 2975
5873 2976
5874 2977
5875 2978
5876 2979
5877 2980
5878 2981
5879 2982
5880 2983
5881 2984
5882 2985
5883 2986
5884 2987
5885 2988
5886 2989
5887 2990
5888 2991
5889 2992
5890 2993
5891 2994
5892 2995
5893 2996
5894 2997
5895 2998
5896 2999
5897 3000
5898 3001
5899 3002
5900 3003
5901 3004
5902 3005
5903 3006
5904 3007
5905 3008
5906 3009
5907 3010
5908 3011
5909 3012
5910 3013
5911 3014
5912 3015
5913 3016
5914 3017
5915 3018
5916 3019
5917 3020
5918 3021
5919 3022
5920 3023
5921 3024
5922 3025
5923 3026
5924 3027
5925 3028
5926 3029
5927 3030
5928 3031
5929 3032
5930 3033
5931 3034
5932 3035
5933 3036
5934 3037
5935 3038
5936 3039
5937 3040
5938 3041
5939 3042
5940 3043
5941 3044
5942 3045
5943 3046
5944 3047
5945 3048
5946 3049
5947 3050
5948 3051
5949 3052
5950 3053
5951 2898
5952 2899
5953 2900
5954 2901
5955 2902
5956 2903
5957 2904
5958 2905
5959 2906
5960 2907
5961 2908
5962 2909
5963 2910
5964 2911
5965 2912
5966 2913
5967 2914
5968 2915
5969 2916
5970 2917
5971 2918
5972 2919
5973 2920
5974 2921
5975 2922
5976 2923
5977 2924
5978 2925
5979 2926
5980 2927
5981 2928
5982 2929
5983 2930
5984 2931
5985 2932
5986 2933
5987 2934
5988 2935
5989 2936
5990 2937
5991 2938
5992 2939
5993 2940
5994 2941
5995 2942
5996 2943
5997 2944
5998 2945
5999 2946
6000 2947
6001 2948
6002 2949
6003 2950
6004 2951
6005 2952
6006 2953
6007 2954
6008 2955
6009 2956
6010 2957
6011 2958
6012 2959
6013 2960
6014 2961
6015 2962
6016 2963
6017 2964
6018 2965
6019 2966
6020 2967
6021 2968
6022 2969
6023 2970
6024 2971
6025 2972
6026 2973
6027 2974
6028 2975
6029 2976
6030 2977
6031 2978
6032 2979
6033 2980
6034 2981
6035 2982
6036 2983
6037 2984
6038 2985
6039 2986
6040 2987
6041 2988
6042 2989
6043 2990
6044 2991
6045 2992
6046 2993
6047 2994
6048 2995
6049 2996
6050 2997
6051 2998
6052 2999
6053 3000
6054 3001
6055 3002
6056 3003
6057 3004
6058 3005
6059 3006
6060 3007
6061 3008
6062 3009
6063 3010
6064 3011
6065 3012
6066 3013
6067 3014
6068 3015
6069 3016
6070 3017
6071 3018
6072 3019
6073 3020
6074 3021
6075 3022
6076 3023
6077 3024
6078 3025
6079 3026
6080 3027
6081 3028
6082 3029
6083 3030
6084 3031
6085 3032
6086 3033
6087 3034
6088 3035
6089 3036
6090 3037
6091 3038
6092 3039
6093 3040
6094 3041
6095 3042
6096 3043
6097 3044
6098 3045
6099 3046
6100 3047
6101 3048
6102 3049
6103 3050
6104 3051
6105 3052
6106 3053
