1	1
2	1
3	1
4	1
5	1
6	1
7	1
8	1
9	1
10	1
11	1
12	1
13	1
14	1
15	1
16	1
17	1
18	1
19	1
20	1
21	1
22	1
23	1
24	1
25	1
26	1
27	1
28	1
29	1
30	1
31	1
32	1
33	1
34	1
35	1
36	1
37	1
38	1
39	1
40	1
41	1
42	1
43	1
44	1
45	1
46	1
47	1
48	1
49	2
50	2
51	2
52	1
53	1
54	1
55	1
56	1
57	2
58	2
59	2
60	1
61	2
62	2
63	2
64	2
65	2
66	2
67	2
68	2
69	2
70	2
71	2
72	2
73	2
74	2
75	2
76	2
77	2
78	2
79	2
80	2
81	2
82	2
83	2
84	2
85	2
86	2
87	2
88	2
89	2
90	2
91	2
92	2
93	2
94	1
95	2
96	2
97	2
98	2
99	2
100	2
101	2
102	2
103	2
104	2
105	2
106	2
107	2
108	2
109	2
110	1
111	1
112	1
113	1
114	1
115	1
116	1
117	1
118	1
119	2
120	2
121	0
122	0
123	0
124	0
125	0
126	0
127	0
128	0
129	0
130	0
131	0
132	0
133	0
134	0
135	0
136	0
137	0
138	0
139	0
140	0
141	0
142	0
143	0
144	0
145	1
146	1
147	1
148	1
149	2
150	1
151	1
152	1
153	1
154	1
155	1
156	1
157	1
158	1
159	2
160	2
161	1
162	1
163	2
164	2
165	2
166	2
167	2
168	1
169	1
170	2
171	2
172	2
173	2
174	1
175	2
176	2
177	2
178	2
179	2
180	2
181	1
182	1
183	1
184	1
185	2
186	2
187	2
188	2
189	2
190	2
191	2
192	2
193	2
194	2
195	2
196	2
197	2
198	2
199	2
200	2
201	1
202	1
203	1
204	1
205	1
206	1
207	1
208	1
209	1
210	2
211	2
212	1
213	1
214	2
215	2
216	2
217	2
218	2
219	2
220	2
221	2
222	2
223	2
224	2
225	1
226	2
227	1
228	1
229	1
230	1
231	1
232	1
233	2
234	1
235	1
236	1
237	1
238	2
239	2
240	2
241	2
242	2
243	2
244	2
245	2
246	2
247	1
248	2
249	2
250	2
251	1
252	1
253	1
254	1
255	1
256	1
257	1
258	1
259	1
260	1
261	1
262	1
263	1
264	1
265	1
266	1
267	1
268	1
269	1
270	1
271	1
272	1
273	1
274	1
275	1
276	1
277	1
278	1
279	1
280	1
281	1
282	1
283	1
284	1
285	1
286	1
287	1
288	1
289	1
290	1
291	1
292	1
293	1
294	1
295	1
296	1
297	1
298	1
299	2
300	2
301	2
302	1
303	1
304	1
305	1
306	1
307	2
308	2
309	2
310	1
311	2
312	2
313	2
314	2
315	2
316	2
317	2
318	2
319	2
320	2
321	2
322	2
323	2
324	2
325	2
326	2
327	2
328	2
329	2
330	2
331	2
332	2
333	2
334	2
335	2
336	2
337	2
338	2
339	2
340	2
341	2
342	2
343	2
344	1
345	2
346	2
347	2
348	2
349	2
350	2
351	2
352	2
353	2
354	2
355	2
356	2
357	2
358	2
359	2
360	1
361	1
362	1
363	1
364	1
365	1
366	1
367	1
368	1
369	2
370	2
371	0
372	0
373	0
374	0
375	0
376	0
377	0
378	0
379	0
380	0
381	0
382	0
383	0
384	0
385	0
386	0
387	0
388	0
389	0
390	0
391	0
392	0
393	0
394	0
395	1
396	1
397	1
398	1
399	2
400	1
401	1
402	1
403	1
404	1
405	1
406	1
407	1
408	1
409	2
410	2
411	1
412	1
413	2
414	2
415	2
416	2
417	2
418	1
419	1
420	2
421	2
422	2
423	2
424	1
425	2
426	2
427	2
428	2
429	2
430	2
431	1
432	1
433	1
434	1
435	2
436	2
437	2
438	2
439	2
440	2
441	2
442	2
443	2
444	2
445	2
446	2
447	2
448	2
449	2
450	2
451	1
452	1
453	1
454	1
455	1
456	1
457	1
458	1
459	1
460	2
461	2
462	1
463	1
464	2
465	2
466	2
467	2
468	2
469	2
470	2
471	2
472	2
473	2
474	2
475	1
476	2
477	1
478	1
479	1
480	1
481	1
482	1
483	2
484	1
485	1
486	1
487	1
488	2
489	2
490	2
491	2
492	2
493	2
494	2
495	2
496	2
497	1
498	2
499	2
500	2
501	4
502	4
503	4
504	4
505	4
506	4
507	4
508	3
509	3
510	3
511	3
512	3
513	3
514	4
515	4
516	4
517	4
518	4
519	4
520	4
521	3
522	4
523	4
524	4
525	3
526	3
527	3
528	3
529	3
530	3
531	3
532	3
533	3
534	4
535	4
536	4
537	4
538	3
539	3
540	3
541	4
542	4
543	3
544	3
545	3
546	3
547	3
548	3
549	3
550	4
551	4
552	4
553	4
554	4
555	3
556	3
557	4
558	4
559	4
560	4
561	4
562	3
563	3
564	3
565	3
566	3
567	4
568	4
569	3
570	3
571	3
572	3
573	4
574	3
575	3
576	3
577	4
578	4
579	4
580	4
581	4
582	4
583	4
584	4
585	4
586	3
587	3
588	3
589	3
590	4
591	4
592	0
593	0
594	0
595	0
596	0
597	0
598	3
599	3
600	3
601	3
602	3
603	3
604	4
605	4
606	4
607	4
608	4
609	4
610	3
611	3
612	3
613	3
614	3
615	3
616	4
617	4
618	4
619	4
620	4
621	3
622	3
623	3
624	4
625	4
626	4
627	4
628	4
629	3
630	3
631	4
632	3
633	4
634	4
635	4
636	3
637	3
638	4
639	4
640	4
641	4
642	4
643	4
644	4
645	4
646	4
647	4
648	4
649	4
650	3
651	4
652	4
653	3
654	4
655	4
656	4
657	4
658	4
659	4
660	4
661	3
662	4
663	4
664	4
665	4
666	4
667	4
668	4
669	4
670	3
671	3
672	3
673	3
674	3
675	3
676	3
677	3
678	3
679	3
680	3
681	4
682	4
683	4
684	4
685	4
686	4
687	4
688	4
689	4
690	4
691	4
692	3
693	4
694	4
695	4
696	4
697	4
698	3
699	3
700	4
701	4
702	3
703	3
704	3
705	3
706	4
707	4
708	3
709	3
710	4
711	4
712	4
713	4
714	4
715	4
716	4
717	3
718	3
719	3
720	3
721	3
722	4
723	4
724	3
725	4
726	3
727	4
728	4
729	4
730	4
731	3
732	3
733	3
734	3
735	3
736	3
737	4
738	3
739	3
740	3
741	3
742	3
743	3
744	0
745	4
746	4
747	4
748	4
749	4
750	4
751	4
752	3
753	3
754	3
755	3
756	3
757	3
758	4
759	4
760	4
761	4
762	4
763	4
764	4
765	3
766	4
767	4
768	4
769	3
770	3
771	3
772	3
773	3
774	3
775	3
776	3
777	3
778	4
779	4
780	4
781	4
782	3
783	3
784	3
785	4
786	4
787	3
788	3
789	3
790	3
791	3
792	3
793	3
794	4
795	4
796	4
797	4
798	4
799	3
800	3
801	4
802	4
803	4
804	4
805	4
806	3
807	3
808	3
809	3
810	3
811	4
812	4
813	3
814	3
815	3
816	3
817	4
818	3
819	3
820	3
821	4
822	4
823	4
824	4
825	4
826	4
827	4
828	4
829	4
830	3
831	3
832	3
833	3
834	4
835	4
836	0
837	0
838	0
839	0
840	0
841	0
842	3
843	3
844	3
845	3
846	3
847	3
848	4
849	4
850	4
851	4
852	4
853	4
854	3
855	3
856	3
857	3
858	3
859	3
860	4
861	4
862	4
863	4
864	4
865	3
866	3
867	3
868	4
869	4
870	4
871	4
872	4
873	3
874	3
875	4
876	3
877	4
878	4
879	4
880	3
881	3
882	4
883	4
884	4
885	4
886	4
887	4
888	4
889	4
890	4
891	4
892	4
893	4
894	3
895	4
896	4
897	3
898	4
899	4
900	4
901	4
902	4
903	4
904	4
905	3
906	4
907	4
908	4
909	4
910	4
911	4
912	4
913	4
914	3
915	3
916	3
917	3
918	3
919	3
920	3
921	3
922	3
923	3
924	3
925	4
926	4
927	4
928	4
929	4
930	4
931	4
932	4
933	4
934	4
935	4
936	3
937	4
938	4
939	4
940	4
941	4
942	3
943	3
944	4
945	4
946	3
947	3
948	3
949	3
950	4
951	4
952	3
953	3
954	4
955	4
956	4
957	4
958	4
959	4
960	4
961	3
962	3
963	3
964	3
965	3
966	4
967	4
968	3
969	4
970	3
971	4
972	4
973	4
974	4
975	3
976	3
977	3
978	3
979	3
980	3
981	4
982	3
983	3
984	3
985	3
986	3
987	3
988	0
989	6
990	6
991	6
992	6
993	6
994	6
995	6
996	6
997	6
998	5
999	5
1000	5
1001	5
1002	5
1003	5
1004	5
1005	5
1006	5
1007	6
1008	6
1009	6
1010	6
1011	6
1012	6
1013	6
1014	6
1015	6
1016	6
1017	6
1018	6
1019	6
1020	5
1021	5
1022	5
1023	6
1024	6
1025	6
1026	5
1027	5
1028	5
1029	5
1030	5
1031	5
1032	5
1033	5
1034	5
1035	5
1036	5
1037	5
1038	5
1039	5
1040	5
1041	5
1042	5
1043	5
1044	5
1045	5
1046	5
1047	5
1048	5
1049	6
1050	6
1051	6
1052	6
1053	6
1054	6
1055	6
1056	6
1057	6
1058	6
1059	6
1060	6
1061	5
1062	6
1063	6
1064	6
1065	6
1066	6
1067	6
1068	6
1069	6
1070	6
1071	6
1072	6
1073	6
1074	6
1075	6
1076	6
1077	6
1078	0
1079	0
1080	0
1081	0
1082	0
1083	0
1084	6
1085	6
1086	6
1087	6
1088	6
1089	6
1090	6
1091	6
1092	6
1093	6
1094	6
1095	6
1096	6
1097	6
1098	6
1099	6
1100	6
1101	5
1102	5
1103	6
1104	6
1105	6
1106	6
1107	6
1108	5
1109	6
1110	5
1111	5
1112	5
1113	5
1114	5
1115	5
1116	5
1117	5
1118	5
1119	5
1120	5
1121	5
1122	5
1123	5
1124	5
1125	5
1126	5
1127	5
1128	5
1129	5
1130	5
1131	5
1132	6
1133	6
1134	6
1135	6
1136	6
1137	6
1138	5
1139	5
1140	6
1141	6
1142	6
1143	6
1144	6
1145	5
1146	6
1147	6
1148	6
1149	6
1150	6
1151	6
1152	6
1153	6
1154	6
1155	6
1156	6
1157	6
1158	5
1159	5
1160	5
1161	6
1162	6
1163	6
1164	6
1165	6
1166	6
1167	6
1168	6
1169	6
1170	6
1171	5
1172	5
1173	5
1174	5
1175	5
1176	5
1177	6
1178	6
1179	6
1180	6
1181	6
1182	5
1183	5
1184	5
1185	5
1186	5
1187	0
1188	6
1189	6
1190	6
1191	6
1192	6
1193	6
1194	6
1195	6
1196	6
1197	5
1198	5
1199	5
1200	5
1201	5
1202	5
1203	5
1204	5
1205	5
1206	6
1207	6
1208	6
1209	6
1210	6
1211	6
1212	6
1213	6
1214	6
1215	6
1216	6
1217	6
1218	6
1219	5
1220	5
1221	5
1222	6
1223	6
1224	6
1225	5
1226	5
1227	5
1228	5
1229	5
1230	5
1231	5
1232	5
1233	5
1234	5
1235	5
1236	5
1237	5
1238	5
1239	5
1240	5
1241	5
1242	5
1243	5
1244	5
1245	5
1246	5
1247	5
1248	6
1249	6
1250	6
1251	6
1252	6
1253	6
1254	6
1255	6
1256	6
1257	6
1258	6
1259	6
1260	5
1261	6
1262	6
1263	6
1264	6
1265	6
1266	6
1267	6
1268	6
1269	6
1270	6
1271	6
1272	6
1273	6
1274	6
1275	6
1276	6
1277	0
1278	0
1279	0
1280	0
1281	0
1282	0
1283	6
1284	6
1285	6
1286	6
1287	6
1288	6
1289	6
1290	6
1291	6
1292	6
1293	6
1294	6
1295	6
1296	6
1297	6
1298	6
1299	6
1300	5
1301	5
1302	6
1303	6
1304	6
1305	6
1306	6
1307	5
1308	6
1309	5
1310	5
1311	5
1312	5
1313	5
1314	5
1315	5
1316	5
1317	5
1318	5
1319	5
1320	5
1321	5
1322	5
1323	5
1324	5
1325	5
1326	5
1327	5
1328	5
1329	5
1330	5
1331	6
1332	6
1333	6
1334	6
1335	6
1336	6
1337	5
1338	5
1339	6
1340	6
1341	6
1342	6
1343	6
1344	5
1345	6
1346	6
1347	6
1348	6
1349	6
1350	6
1351	6
1352	6
1353	6
1354	6
1355	6
1356	6
1357	5
1358	5
1359	5
1360	6
1361	6
1362	6
1363	6
1364	6
1365	6
1366	6
1367	6
1368	6
1369	6
1370	5
1371	5
1372	5
1373	5
1374	5
1375	5
1376	6
1377	6
1378	6
1379	6
1380	6
1381	5
1382	5
1383	5
1384	5
1385	5
1386	0
1387	7
1388	7
1389	7
1390	7
1391	7
1392	7
1393	7
1394	7
1395	7
1396	7
1397	7
1398	8
1399	8
1400	8
1401	8
1402	7
1403	8
1404	7
1405	8
1406	8
1407	8
1408	8
1409	8
1410	8
1411	7
1412	7
1413	7
1414	8
1415	8
1416	8
1417	8
1418	8
1419	8
1420	8
1421	8
1422	8
1423	7
1424	7
1425	7
1426	7
1427	7
1428	7
1429	7
1430	8
1431	8
1432	8
1433	8
1434	7
1435	0
1436	0
1437	0
1438	0
1439	0
1440	0
1441	7
1442	8
1443	7
1444	7
1445	8
1446	8
1447	8
1448	8
1449	8
1450	8
1451	8
1452	8
1453	8
1454	8
1455	8
1456	8
1457	8
1458	7
1459	8
1460	8
1461	7
1462	7
1463	7
1464	7
1465	7
1466	7
1467	8
1468	8
1469	8
1470	7
1471	7
1472	8
1473	8
1474	7
1475	7
1476	7
1477	8
1478	8
1479	8
1480	8
1481	8
1482	8
1483	8
1484	8
1485	8
1486	7
1487	8
1488	8
1489	8
1490	7
1491	8
1492	7
1493	7
1494	8
1495	8
1496	8
1497	7
1498	8
1499	8
1500	7
1501	7
1502	8
1503	8
1504	8
1505	8
1506	8
1507	8
1508	8
1509	7
1510	7
1511	8
1512	8
1513	8
1514	8
1515	7
1516	7
1517	8
1518	8
1519	8
1520	8
1521	8
1522	8
1523	8
1524	8
1525	8
1526	7
1527	7
1528	7
1529	8
1530	8
1531	8
1532	8
1533	7
1534	7
1535	7
1536	8
1537	8
1538	7
1539	7
1540	7
1541	7
1542	8
1543	8
1544	8
1545	8
1546	7
1547	8
1548	8
1549	8
1550	8
1551	8
1552	8
1553	8
1554	8
1555	8
1556	7
1557	7
1558	8
1559	8
1560	8
1561	8
1562	8
1563	8
1564	8
1565	8
1566	8
1567	8
1568	8
1569	8
1570	8
1571	7
1572	7
1573	7
1574	8
1575	8
1576	8
1577	8
1578	0
1579	7
1580	7
1581	7
1582	7
1583	7
1584	7
1585	7
1586	7
1587	7
1588	7
1589	7
1590	8
1591	8
1592	8
1593	8
1594	7
1595	8
1596	7
1597	8
1598	8
1599	8
1600	8
1601	8
1602	8
1603	7
1604	7
1605	7
1606	8
1607	8
1608	8
1609	8
1610	8
1611	8
1612	8
1613	8
1614	8
1615	7
1616	7
1617	7
1618	7
1619	7
1620	7
1621	7
1622	8
1623	8
1624	8
1625	8
1626	7
1627	0
1628	0
1629	0
1630	0
1631	0
1632	0
1633	7
1634	8
1635	7
1636	7
1637	8
1638	8
1639	8
1640	8
1641	8
1642	8
1643	8
1644	8
1645	8
1646	8
1647	8
1648	8
1649	8
1650	7
1651	8
1652	8
1653	7
1654	7
1655	7
1656	7
1657	7
1658	7
1659	8
1660	8
1661	8
1662	7
1663	7
1664	8
1665	8
1666	7
1667	7
1668	7
1669	8
1670	8
1671	8
1672	8
1673	8
1674	8
1675	8
1676	8
1677	8
1678	7
1679	8
1680	8
1681	8
1682	7
1683	8
1684	7
1685	7
1686	8
1687	8
1688	8
1689	7
1690	8
1691	8
1692	7
1693	7
1694	8
1695	8
1696	8
1697	8
1698	8
1699	8
1700	8
1701	7
1702	7
1703	8
1704	8
1705	8
1706	8
1707	7
1708	7
1709	8
1710	8
1711	8
1712	8
1713	8
1714	8
1715	8
1716	8
1717	8
1718	7
1719	7
1720	7
1721	8
1722	8
1723	8
1724	8
1725	7
1726	7
1727	7
1728	8
1729	8
1730	7
1731	7
1732	7
1733	7
1734	8
1735	8
1736	8
1737	8
1738	7
1739	8
1740	8
1741	8
1742	8
1743	8
1744	8
1745	8
1746	8
1747	8
1748	7
1749	7
1750	8
1751	8
1752	8
1753	8
1754	8
1755	8
1756	8
1757	8
1758	8
1759	8
1760	8
1761	8
1762	8
1763	7
1764	7
1765	7
1766	8
1767	8
1768	8
1769	8
1770	0
1771	9
1772	9
1773	10
1774	10
1775	10
1776	10
1777	9
1778	10
1779	10
1780	10
1781	9
1782	10
1783	10
1784	10
1785	9
1786	10
1787	10
1788	10
1789	10
1790	10
1791	10
1792	10
1793	10
1794	10
1795	10
1796	10
1797	10
1798	10
1799	10
1800	10
1801	10
1802	9
1803	9
1804	9
1805	9
1806	9
1807	9
1808	9
1809	10
1810	10
1811	10
1812	10
1813	10
1814	9
1815	10
1816	0
1817	0
1818	0
1819	0
1820	0
1821	0
1822	10
1823	10
1824	10
1825	9
1826	9
1827	9
1828	10
1829	10
1830	10
1831	9
1832	10
1833	10
1834	10
1835	9
1836	9
1837	9
1838	9
1839	9
1840	0
1841	9
1842	9
1843	9
1844	9
1845	9
1846	9
1847	9
1848	9
1849	9
1850	9
1851	9
1852	9
1853	10
1854	10
1855	10
1856	10
1857	10
1858	10
1859	9
1860	10
1861	10
1862	10
1863	10
1864	10
1865	9
1866	9
1867	9
1868	10
1869	10
1870	10
1871	10
1872	10
1873	10
1874	10
1875	10
1876	10
1877	10
1878	10
1879	9
1880	10
1881	10
1882	9
1883	9
1884	10
1885	10
1886	10
1887	10
1888	10
1889	10
1890	10
1891	10
1892	10
1893	10
1894	10
1895	10
1896	10
1897	9
1898	10
1899	10
1900	10
1901	10
1902	9
1903	9
1904	9
1905	9
1906	9
1907	9
1908	9
1909	9
1910	9
1911	10
1912	9
1913	9
1914	10
1915	10
1916	10
1917	10
1918	10
1919	9
1920	9
1921	9
1922	10
1923	10
1924	10
1925	10
1926	10
1927	9
1928	9
1929	9
1930	9
1931	10
1932	10
1933	10
1934	10
1935	10
1936	10
1937	10
1938	10
1939	9
1940	9
1941	9
1942	9
1943	9
1944	9
1945	9
1946	9
1947	9
1948	9
1949	10
1950	9
1951	9
1952	9
1953	9
1954	10
1955	10
1956	10
1957	10
1958	9
1959	10
1960	10
1961	10
1962	9
1963	10
1964	10
1965	10
1966	9
1967	10
1968	10
1969	10
1970	10
1971	10
1972	10
1973	10
1974	10
1975	10
1976	10
1977	10
1978	10
1979	10
1980	10
1981	10
1982	10
1983	9
1984	9
1985	9
1986	9
1987	9
1988	9
1989	9
1990	10
1991	10
1992	10
1993	10
1994	10
1995	9
1996	10
1997	0
1998	0
1999	0
2000	0
2001	0
2002	0
2003	10
2004	10
2005	10
2006	9
2007	9
2008	9
2009	10
2010	10
2011	10
2012	9
2013	10
2014	10
2015	10
2016	9
2017	9
2018	9
2019	9
2020	9
2021	0
2022	9
2023	9
2024	9
2025	9
2026	9
2027	9
2028	9
2029	9
2030	9
2031	9
2032	9
2033	9
2034	10
2035	10
2036	10
2037	10
2038	10
2039	10
2040	9
2041	10
2042	10
2043	10
2044	10
2045	10
2046	9
2047	9
2048	9
2049	10
2050	10
2051	10
2052	10
2053	10
2054	10
2055	10
2056	10
2057	10
2058	10
2059	10
2060	9
2061	10
2062	10
2063	9
2064	9
2065	10
2066	10
2067	10
2068	10
2069	10
2070	10
2071	10
2072	10
2073	10
2074	10
2075	10
2076	10
2077	10
2078	9
2079	10
2080	10
2081	10
2082	10
2083	9
2084	9
2085	9
2086	9
2087	9
2088	9
2089	9
2090	9
2091	9
2092	10
2093	9
2094	9
2095	10
2096	10
2097	10
2098	10
2099	10
2100	9
2101	9
2102	9
2103	10
2104	10
2105	10
2106	10
2107	10
2108	9
2109	9
2110	9
2111	9
2112	10
2113	10
2114	10
2115	10
2116	10
2117	10
2118	10
2119	10
2120	9
2121	9
2122	9
2123	9
2124	9
2125	9
2126	9
2127	9
2128	9
2129	9
2130	10
2131	9
2132	9
2133	11
2134	11
2135	11
2136	11
2137	11
2138	11
2139	11
2140	11
2141	12
2142	12
2143	12
2144	11
2145	11
2146	11
2147	11
2148	11
2149	11
2150	12
2151	12
2152	12
2153	11
2154	11
2155	12
2156	12
2157	11
2158	11
2159	11
2160	11
2161	11
2162	11
2163	11
2164	11
2165	11
2166	11
2167	11
2168	11
2169	11
2170	11
2171	11
2172	11
2173	11
2174	11
2175	11
2176	11
2177	11
2178	11
2179	12
2180	12
2181	12
2182	12
2183	12
2184	12
2185	11
2186	11
2187	12
2188	12
2189	11
2190	0
2191	0
2192	0
2193	0
2194	0
2195	0
2196	0
2197	12
2198	12
2199	12
2200	12
2201	12
2202	12
2203	12
2204	12
2205	12
2206	12
2207	12
2208	12
2209	12
2210	12
2211	12
2212	12
2213	12
2214	12
2215	12
2216	12
2217	12
2218	12
2219	12
2220	12
2221	11
2222	11
2223	11
2224	12
2225	12
2226	12
2227	12
2228	12
2229	12
2230	12
2231	12
2232	12
2233	12
2234	12
2235	12
2236	12
2237	12
2238	12
2239	11
2240	11
2241	11
2242	11
2243	11
2244	11
2245	12
2246	12
2247	12
2248	12
2249	11
2250	12
2251	12
2252	12
2253	12
2254	12
2255	12
2256	12
2257	12
2258	12
2259	12
2260	12
2261	12
2262	12
2263	11
2264	12
2265	12
2266	12
2267	12
2268	11
2269	11
2270	11
2271	11
2272	11
2273	12
2274	12
2275	12
2276	12
2277	11
2278	12
2279	12
2280	12
2281	12
2282	11
2283	11
2284	11
2285	12
2286	12
2287	12
2288	11
2289	12
2290	11
2291	11
2292	11
2293	11
2294	12
2295	12
2296	12
2297	12
2298	12
2299	12
2300	11
2301	12
2302	12
2303	12
2304	0
2305	11
2306	11
2307	11
2308	11
2309	11
2310	11
2311	11
2312	11
2313	12
2314	12
2315	12
2316	11
2317	11
2318	11
2319	11
2320	11
2321	11
2322	12
2323	12
2324	12
2325	11
2326	11
2327	12
2328	12
2329	11
2330	11
2331	11
2332	11
2333	11
2334	11
2335	11
2336	11
2337	11
2338	11
2339	11
2340	11
2341	11
2342	11
2343	11
2344	11
2345	11
2346	11
2347	11
2348	11
2349	11
2350	11
2351	12
2352	12
2353	12
2354	12
2355	12
2356	12
2357	11
2358	11
2359	12
2360	12
2361	11
2362	0
2363	0
2364	0
2365	0
2366	0
2367	0
2368	0
2369	12
2370	12
2371	12
2372	12
2373	12
2374	12
2375	12
2376	12
2377	12
2378	12
2379	12
2380	12
2381	12
2382	12
2383	12
2384	12
2385	12
2386	12
2387	12
2388	12
2389	12
2390	12
2391	12
2392	12
2393	11
2394	11
2395	11
2396	12
2397	12
2398	12
2399	12
2400	12
2401	12
2402	12
2403	12
2404	12
2405	12
2406	12
2407	12
2408	12
2409	12
2410	12
2411	11
2412	11
2413	11
2414	11
2415	11
2416	11
2417	12
2418	12
2419	12
2420	12
2421	11
2422	12
2423	12
2424	12
2425	12
2426	12
2427	12
2428	12
2429	12
2430	12
2431	12
2432	12
2433	12
2434	12
2435	11
2436	12
2437	12
2438	12
2439	12
2440	11
2441	11
2442	11
2443	11
2444	11
2445	12
2446	12
2447	12
2448	12
2449	11
2450	12
2451	12
2452	12
2453	12
2454	11
2455	11
2456	11
2457	12
2458	12
2459	12
2460	11
2461	12
2462	11
2463	11
2464	11
2465	11
2466	12
2467	12
2468	12
2469	12
2470	12
2471	12
2472	11
2473	12
2474	12
2475	12
2476	0
2477	13
2478	13
2479	13
2480	14
2481	14
2482	13
2483	13
2484	13
2485	14
2486	14
2487	14
2488	14
2489	14
2490	14
2491	14
2492	14
2493	14
2494	14
2495	14
2496	14
2497	14
2498	14
2499	13
2500	13
2501	13
2502	13
2503	13
2504	13
2505	13
2506	13
2507	13
2508	14
2509	14
2510	14
2511	14
2512	14
2513	13
2514	13
2515	13
2516	13
2517	14
2518	14
2519	14
2520	13
2521	13
2522	13
2523	14
2524	13
2525	14
2526	14
2527	13
2528	14
2529	14
2530	14
2531	14
2532	13
2533	0
2534	0
2535	0
2536	0
2537	0
2538	0
2539	0
2540	14
2541	14
2542	13
2543	13
2544	14
2545	14
2546	13
2547	14
2548	14
2549	13
2550	13
2551	13
2552	13
2553	13
2554	13
2555	14
2556	14
2557	14
2558	14
2559	14
2560	14
2561	14
2562	14
2563	14
2564	14
2565	14
2566	14
2567	14
2568	14
2569	13
2570	14
2571	14
2572	14
2573	14
2574	13
2575	13
2576	13
2577	13
2578	13
2579	13
2580	14
2581	13
2582	13
2583	13
2584	13
2585	14
2586	14
2587	14
2588	14
2589	14
2590	14
2591	14
2592	14
2593	13
2594	14
2595	14
2596	14
2597	14
2598	14
2599	14
2600	14
2601	14
2602	14
2603	14
2604	13
2605	13
2606	13
2607	13
2608	13
2609	13
2610	13
2611	13
2612	14
2613	14
2614	14
2615	13
2616	13
2617	13
2618	14
2619	14
2620	14
2621	14
2622	14
2623	14
2624	14
2625	13
2626	13
2627	13
2628	13
2629	13
2630	14
2631	14
2632	13
2633	13
2634	14
2635	14
2636	0
2637	13
2638	13
2639	13
2640	14
2641	14
2642	13
2643	13
2644	13
2645	14
2646	14
2647	14
2648	14
2649	14
2650	14
2651	14
2652	14
2653	14
2654	14
2655	14
2656	14
2657	14
2658	14
2659	13
2660	13
2661	13
2662	13
2663	13
2664	13
2665	13
2666	13
2667	13
2668	14
2669	14
2670	14
2671	14
2672	14
2673	13
2674	13
2675	13
2676	13
2677	14
2678	14
2679	14
2680	13
2681	13
2682	13
2683	14
2684	13
2685	14
2686	14
2687	13
2688	14
2689	14
2690	14
2691	14
2692	13
2693	0
2694	0
2695	0
2696	0
2697	0
2698	0
2699	0
2700	14
2701	14
2702	13
2703	13
2704	14
2705	14
2706	13
2707	14
2708	14
2709	13
2710	13
2711	13
2712	13
2713	13
2714	13
2715	14
2716	14
2717	14
2718	14
2719	14
2720	14
2721	14
2722	14
2723	14
2724	14
2725	14
2726	14
2727	14
2728	14
2729	13
2730	14
2731	14
2732	14
2733	14
2734	13
2735	13
2736	13
2737	13
2738	13
2739	13
2740	14
2741	13
2742	13
2743	13
2744	13
2745	14
2746	14
2747	14
2748	14
2749	14
2750	14
2751	14
2752	14
2753	13
2754	14
2755	14
2756	14
2757	14
2758	14
2759	14
2760	14
2761	14
2762	14
2763	14
2764	13
2765	13
2766	13
2767	13
2768	13
2769	13
2770	13
2771	13
2772	14
2773	14
2774	14
2775	13
2776	13
2777	13
2778	14
2779	14
2780	14
2781	14
2782	14
2783	14
2784	14
2785	13
2786	13
2787	13
2788	13
2789	13
2790	14
2791	14
2792	13
2793	13
2794	14
2795	14
2796	0
2797	16
2798	16
2799	16
2800	16
2801	16
2802	16
2803	15
2804	16
2805	15
2806	15
2807	15
2808	15
2809	16
2810	16
2811	16
2812	16
2813	16
2814	16
2815	16
2816	16
2817	15
2818	15
2819	15
2820	15
2821	16
2822	16
2823	15
2824	15
2825	15
2826	15
2827	15
2828	16
2829	16
2830	16
2831	16
2832	16
2833	16
2834	15
2835	15
2836	16
2837	16
2838	15
2839	0
2840	0
2841	0
2842	0
2843	0
2844	0
2845	0
2846	16
2847	16
2848	16
2849	16
2850	16
2851	16
2852	16
2853	15
2854	16
2855	16
2856	15
2857	16
2858	15
2859	16
2860	16
2861	16
2862	16
2863	15
2864	15
2865	15
2866	16
2867	16
2868	15
2869	16
2870	16
2871	15
2872	16
2873	16
2874	16
2875	16
2876	16
2877	16
2878	15
2879	16
2880	16
2881	16
2882	16
2883	16
2884	16
2885	16
2886	16
2887	16
2888	16
2889	16
2890	16
2891	16
2892	15
2893	15
2894	16
2895	15
2896	15
2897	15
2898	15
2899	15
2900	15
2901	15
2902	16
2903	16
2904	16
2905	16
2906	16
2907	16
2908	16
2909	16
2910	16
2911	16
2912	16
2913	16
2914	16
2915	16
2916	15
2917	16
2918	16
2919	16
2920	16
2921	15
2922	15
2923	15
2924	16
2925	15
2926	15
2927	15
2928	15
2929	16
2930	16
2931	15
2932	15
2933	16
2934	16
2935	16
2936	16
2937	15
2938	15
2939	15
2940	15
2941	15
2942	15
2943	15
2944	16
2945	16
2946	16
2947	16
2948	16
2949	16
2950	15
2951	16
2952	15
2953	15
2954	15
2955	15
2956	16
2957	16
2958	16
2959	16
2960	16
2961	16
2962	16
2963	16
2964	15
2965	15
2966	15
2967	15
2968	16
2969	16
2970	15
2971	15
2972	15
2973	15
2974	15
2975	16
2976	16
2977	16
2978	16
2979	16
2980	16
2981	15
2982	15
2983	16
2984	16
2985	15
2986	0
2987	0
2988	0
2989	0
2990	0
2991	0
2992	0
2993	16
2994	16
2995	16
2996	16
2997	16
2998	16
2999	16
3000	15
3001	16
3002	16
3003	15
3004	16
3005	15
3006	16
3007	16
3008	16
3009	16
3010	15
3011	15
3012	15
3013	16
3014	16
3015	15
3016	16
3017	16
3018	15
3019	16
3020	16
3021	16
3022	16
3023	16
3024	16
3025	15
3026	16
3027	16
3028	16
3029	16
3030	16
3031	16
3032	16
3033	16
3034	16
3035	16
3036	16
3037	16
3038	16
3039	15
3040	15
3041	16
3042	15
3043	15
3044	15
3045	15
3046	15
3047	15
3048	15
3049	16
3050	16
3051	16
3052	16
3053	16
3054	16
3055	16
3056	16
3057	16
3058	16
3059	16
3060	16
3061	16
3062	16
3063	15
3064	16
3065	16
3066	16
3067	16
3068	15
3069	15
3070	15
3071	16
3072	15
3073	15
3074	15
3075	15
3076	16
3077	16
3078	15
3079	15
3080	16
3081	16
3082	16
3083	16
3084	15
3085	15
3086	15
3087	15
3088	15
3089	15
3090	15
3091	17
3092	17
3093	18
3094	18
3095	17
3096	17
3097	17
3098	18
3099	18
3100	18
3101	18
3102	18
3103	18
3104	18
3105	18
3106	18
3107	18
3108	18
3109	18
3110	18
3111	17
3112	18
3113	18
3114	18
3115	18
3116	18
3117	18
3118	18
3119	18
3120	18
3121	18
3122	18
3123	18
3124	17
3125	17
3126	17
3127	17
3128	17
3129	0
3130	0
3131	0
3132	0
3133	0
3134	0
3135	18
3136	0
3137	0
3138	0
3139	0
3140	0
3141	0
3142	0
3143	0
3144	0
3145	0
3146	0
3147	0
3148	0
3149	0
3150	0
3151	0
3152	0
3153	0
3154	0
3155	0
3156	0
3157	18
3158	0
3159	0
3160	0
3161	0
3162	17
3163	18
3164	18
3165	18
3166	18
3167	18
3168	18
3169	18
3170	18
3171	18
3172	18
3173	18
3174	18
3175	18
3176	18
3177	18
3178	18
3179	17
3180	18
3181	18
3182	18
3183	17
3184	17
3185	17
3186	17
3187	17
3188	17
3189	17
3190	17
3191	17
3192	17
3193	17
3194	18
3195	18
3196	18
3197	18
3198	18
3199	18
3200	18
3201	18
3202	18
3203	17
3204	17
3205	17
3206	17
3207	17
3208	17
3209	18
3210	18
3211	18
3212	18
3213	18
3214	17
3215	17
3216	17
3217	17
3218	17
3219	17
3220	17
3221	17
3222	17
3223	17
3224	17
3225	17
3226	17
3227	17
3228	17
3229	17
3230	17
3231	17
3232	0
3233	17
3234	17
3235	18
3236	18
3237	17
3238	17
3239	17
3240	18
3241	18
3242	18
3243	18
3244	18
3245	18
3246	18
3247	18
3248	18
3249	18
3250	18
3251	18
3252	18
3253	17
3254	18
3255	18
3256	18
3257	18
3258	18
3259	18
3260	18
3261	18
3262	18
3263	18
3264	18
3265	18
3266	17
3267	17
3268	17
3269	17
3270	17
3271	0
3272	0
3273	0
3274	0
3275	0
3276	0
3277	18
3278	0
3279	0
3280	0
3281	0
3282	0
3283	0
3284	0
3285	0
3286	0
3287	0
3288	0
3289	0
3290	0
3291	0
3292	0
3293	0
3294	0
3295	0
3296	0
3297	0
3298	0
3299	18
3300	0
3301	0
3302	0
3303	0
3304	17
3305	18
3306	18
3307	18
3308	18
3309	18
3310	18
3311	18
3312	18
3313	18
3314	18
3315	18
3316	18
3317	18
3318	18
3319	18
3320	18
3321	17
3322	18
3323	18
3324	18
3325	17
3326	17
3327	17
3328	17
3329	17
3330	17
3331	17
3332	17
3333	17
3334	17
3335	17
3336	18
3337	18
3338	18
3339	18
3340	18
3341	18
3342	18
3343	18
3344	18
3345	17
3346	17
3347	17
3348	17
3349	17
3350	17
3351	18
3352	18
3353	18
3354	18
3355	18
3356	17
3357	17
3358	17
3359	17
3360	17
3361	17
3362	17
3363	17
3364	17
3365	17
3366	17
3367	17
3368	17
3369	17
3370	17
3371	17
3372	17
3373	17
3374	0
3375	19
3376	20
3377	20
3378	19
3379	20
3380	19
3381	19
3382	19
3383	20
3384	20
3385	20
3386	19
3387	19
3388	19
3389	19
3390	20
3391	20
3392	20
3393	20
3394	20
3395	20
3396	20
3397	20
3398	20
3399	20
3400	20
3401	20
3402	19
3403	20
3404	20
3405	19
3406	19
3407	19
3408	20
3409	20
3410	20
3411	20
3412	0
3413	0
3414	0
3415	0
3416	0
3417	0
3418	0
3419	20
3420	19
3421	19
3422	19
3423	19
3424	19
3425	19
3426	19
3427	20
3428	20
3429	20
3430	20
3431	20
3432	20
3433	20
3434	20
3435	20
3436	20
3437	20
3438	20
3439	19
3440	20
3441	20
3442	20
3443	20
3444	20
3445	19
3446	19
3447	19
3448	19
3449	19
3450	19
3451	19
3452	20
3453	20
3454	19
3455	19
3456	19
3457	20
3458	20
3459	20
3460	20
3461	20
3462	20
3463	19
3464	19
3465	19
3466	19
3467	19
3468	19
3469	19
3470	19
3471	20
3472	19
3473	19
3474	19
3475	20
3476	19
3477	19
3478	19
3479	19
3480	19
3481	20
3482	20
3483	20
3484	20
3485	20
3486	20
3487	19
3488	20
3489	20
3490	19
3491	20
3492	20
3493	20
3494	19
3495	19
3496	19
3497	20
3498	19
3499	19
3500	19
3501	19
3502	20
3503	20
3504	20
3505	20
3506	20
3507	20
3508	20
3509	19
3510	19
3511	19
3512	20
3513	20
3514	19
3515	20
3516	19
3517	19
3518	19
3519	20
3520	20
3521	20
3522	19
3523	19
3524	19
3525	19
3526	20
3527	20
3528	20
3529	20
3530	20
3531	20
3532	20
3533	20
3534	20
3535	20
3536	20
3537	20
3538	19
3539	20
3540	20
3541	19
3542	19
3543	19
3544	20
3545	20
3546	20
3547	20
3548	0
3549	0
3550	0
3551	0
3552	0
3553	0
3554	0
3555	20
3556	19
3557	19
3558	19
3559	19
3560	19
3561	19
3562	19
3563	20
3564	20
3565	20
3566	20
3567	20
3568	20
3569	20
3570	20
3571	20
3572	20
3573	20
3574	20
3575	19
3576	20
3577	20
3578	20
3579	20
3580	20
3581	19
3582	19
3583	19
3584	19
3585	19
3586	19
3587	19
3588	20
3589	20
3590	19
3591	19
3592	19
3593	20
3594	20
3595	20
3596	20
3597	20
3598	20
3599	19
3600	19
3601	19
3602	19
3603	19
3604	19
3605	19
3606	19
3607	20
3608	19
3609	19
3610	19
3611	20
3612	19
3613	19
3614	19
3615	19
3616	19
3617	20
3618	20
3619	20
3620	20
3621	20
3622	20
3623	19
3624	20
3625	20
3626	19
3627	20
3628	20
3629	20
3630	19
3631	19
3632	19
3633	20
3634	19
3635	19
3636	19
3637	19
3638	20
3639	20
3640	20
3641	20
3642	20
3643	20
3644	20
3645	19
3646	19
3647	21
3648	21
3649	21
3650	21
3651	22
3652	22
3653	22
3654	22
3655	21
3656	21
3657	21
3658	21
3659	22
3660	22
3661	22
3662	22
3663	22
3664	21
3665	21
3666	21
3667	22
3668	22
3669	22
3670	22
3671	22
3672	22
3673	22
3674	22
3675	22
3676	22
3677	22
3678	22
3679	22
3680	21
3681	21
3682	21
3683	22
3684	22
3685	22
3686	22
3687	22
3688	22
3689	22
3690	22
3691	21
3692	21
3693	21
3694	21
3695	22
3696	22
3697	0
3698	0
3699	0
3700	0
3701	0
3702	0
3703	0
3704	22
3705	22
3706	21
3707	21
3708	21
3709	21
3710	21
3711	21
3712	21
3713	21
3714	21
3715	21
3716	21
3717	21
3718	21
3719	21
3720	21
3721	21
3722	21
3723	21
3724	21
3725	22
3726	22
3727	22
3728	22
3729	22
3730	22
3731	22
3732	22
3733	22
3734	22
3735	22
3736	22
3737	22
3738	22
3739	22
3740	22
3741	22
3742	22
3743	22
3744	22
3745	22
3746	22
3747	22
3748	22
3749	22
3750	22
3751	22
3752	22
3753	22
3754	22
3755	21
3756	22
3757	22
3758	21
3759	22
3760	22
3761	22
3762	21
3763	21
3764	21
3765	21
3766	21
3767	21
3768	21
3769	21
3770	22
3771	22
3772	21
3773	22
3774	22
3775	22
3776	22
3777	22
3778	22
3779	22
3780	22
3781	22
3782	0
3783	21
3784	21
3785	21
3786	21
3787	22
3788	22
3789	22
3790	22
3791	21
3792	21
3793	21
3794	21
3795	22
3796	22
3797	22
3798	22
3799	22
3800	21
3801	21
3802	21
3803	22
3804	22
3805	22
3806	22
3807	22
3808	22
3809	22
3810	22
3811	22
3812	22
3813	22
3814	22
3815	22
3816	21
3817	21
3818	21
3819	22
3820	22
3821	22
3822	22
3823	22
3824	22
3825	22
3826	22
3827	21
3828	21
3829	21
3830	21
3831	22
3832	22
3833	0
3834	0
3835	0
3836	0
3837	0
3838	0
3839	0
3840	22
3841	22
3842	21
3843	21
3844	21
3845	21
3846	21
3847	21
3848	21
3849	21
3850	21
3851	21
3852	21
3853	21
3854	21
3855	21
3856	21
3857	21
3858	21
3859	21
3860	21
3861	22
3862	22
3863	22
3864	22
3865	22
3866	22
3867	22
3868	22
3869	22
3870	22
3871	22
3872	22
3873	22
3874	22
3875	22
3876	22
3877	22
3878	22
3879	22
3880	22
3881	22
3882	22
3883	22
3884	22
3885	22
3886	22
3887	22
3888	22
3889	22
3890	22
3891	21
3892	22
3893	22
3894	21
3895	22
3896	22
3897	22
3898	21
3899	21
3900	21
3901	21
3902	21
3903	21
3904	21
3905	21
3906	22
3907	22
3908	21
3909	22
3910	22
3911	22
3912	22
3913	22
3914	22
3915	22
3916	22
3917	22
3918	0
3919	23
3920	23
3921	23
3922	23
3923	23
3924	23
3925	23
3926	23
3927	23
3928	23
3929	23
3930	23
3931	23
3932	24
3933	24
3934	24
3935	24
3936	24
3937	24
3938	24
3939	24
3940	24
3941	24
3942	24
3943	24
3944	23
3945	23
3946	23
3947	24
3948	24
3949	24
3950	23
3951	24
3952	0
3953	0
3954	0
3955	0
3956	0
3957	0
3958	0
3959	24
3960	24
3961	24
3962	24
3963	24
3964	24
3965	23
3966	24
3967	23
3968	23
3969	23
3970	23
3971	23
3972	23
3973	23
3974	24
3975	23
3976	23
3977	24
3978	24
3979	24
3980	24
3981	24
3982	24
3983	24
3984	24
3985	24
3986	24
3987	23
3988	23
3989	24
3990	24
3991	24
3992	24
3993	24
3994	24
3995	24
3996	24
3997	24
3998	24
3999	24
4000	24
4001	24
4002	24
4003	24
4004	24
4005	24
4006	24
4007	24
4008	24
4009	24
4010	24
4011	24
4012	23
4013	23
4014	23
4015	23
4016	24
4017	24
4018	24
4019	24
4020	24
4021	23
4022	23
4023	23
4024	23
4025	23
4026	23
4027	23
4028	23
4029	23
4030	23
4031	23
4032	23
4033	23
4034	24
4035	23
4036	23
4037	23
4038	23
4039	23
4040	23
4041	23
4042	23
4043	23
4044	23
4045	24
4046	24
4047	24
4048	24
4049	24
4050	23
4051	23
4052	23
4053	23
4054	23
4055	23
4056	23
4057	23
4058	23
4059	23
4060	23
4061	23
4062	23
4063	23
4064	23
4065	23
4066	24
4067	24
4068	24
4069	24
4070	24
4071	24
4072	24
4073	24
4074	24
4075	24
4076	24
4077	24
4078	23
4079	23
4080	23
4081	24
4082	24
4083	24
4084	23
4085	24
4086	0
4087	0
4088	0
4089	0
4090	0
4091	0
4092	0
4093	24
4094	24
4095	24
4096	24
4097	24
4098	24
4099	23
4100	24
4101	23
4102	23
4103	23
4104	23
4105	23
4106	23
4107	23
4108	24
4109	23
4110	23
4111	24
4112	24
4113	24
4114	24
4115	24
4116	24
4117	24
4118	24
4119	24
4120	24
4121	23
4122	23
4123	24
4124	24
4125	24
4126	24
4127	24
4128	24
4129	24
4130	24
4131	24
4132	24
4133	24
4134	24
4135	24
4136	24
4137	24
4138	24
4139	24
4140	24
4141	24
4142	24
4143	24
4144	24
4145	24
4146	23
4147	23
4148	23
4149	23
4150	24
4151	24
4152	24
4153	24
4154	24
4155	23
4156	23
4157	23
4158	23
4159	23
4160	23
4161	23
4162	23
4163	23
4164	23
4165	23
4166	23
4167	23
4168	24
4169	23
4170	23
4171	23
4172	23
4173	23
4174	23
4175	23
4176	23
4177	23
4178	23
4179	24
4180	24
4181	24
4182	24
4183	24
4184	23
4185	23
4186	23
4187	0
4188	0
4189	0
4190	0
4191	0
4192	0
4193	0
4194	0
4195	0
4196	0
4197	0
4198	0
4199	0
4200	0
4201	0
4202	0
4203	0
4204	0
4205	0
4206	0
4207	0
4208	25
4209	26
4210	26
4211	25
4212	25
4213	26
4214	25
4215	25
4216	26
4217	25
4218	25
4219	25
4220	25
4221	26
4222	26
4223	26
4224	26
4225	26
4226	26
4227	25
4228	25
4229	25
4230	25
4231	25
4232	25
4233	25
4234	25
4235	25
4236	25
4237	25
4238	25
4239	25
4240	26
4241	26
4242	26
4243	26
4244	26
4245	26
4246	26
4247	25
4248	26
4249	26
4250	26
4251	26
4252	26
4253	26
4254	26
4255	26
4256	26
4257	26
4258	26
4259	26
4260	26
4261	26
4262	26
4263	26
4264	25
4265	26
4266	26
4267	26
4268	26
4269	26
4270	26
4271	26
4272	26
4273	26
4274	26
4275	26
4276	26
4277	26
4278	26
4279	26
4280	26
4281	26
4282	25
4283	25
4284	26
4285	25
4286	25
4287	25
4288	26
4289	26
4290	25
4291	26
4292	26
4293	26
4294	26
4295	26
4296	26
4297	26
4298	25
4299	26
4300	25
4301	25
4302	25
4303	0
4304	0
4305	0
4306	0
4307	0
4308	0
4309	0
4310	0
4311	0
4312	0
4313	0
4314	0
4315	0
4316	0
4317	0
4318	0
4319	0
4320	0
4321	0
4322	0
4323	0
4324	25
4325	26
4326	26
4327	25
4328	25
4329	26
4330	25
4331	25
4332	26
4333	25
4334	25
4335	25
4336	25
4337	26
4338	26
4339	26
4340	26
4341	26
4342	26
4343	25
4344	25
4345	25
4346	25
4347	25
4348	25
4349	25
4350	25
4351	25
4352	25
4353	25
4354	25
4355	25
4356	26
4357	26
4358	26
4359	26
4360	26
4361	26
4362	26
4363	25
4364	26
4365	26
4366	26
4367	26
4368	26
4369	26
4370	26
4371	26
4372	26
4373	26
4374	26
4375	26
4376	26
4377	26
4378	26
4379	26
4380	25
4381	26
4382	26
4383	26
4384	26
4385	26
4386	26
4387	26
4388	26
4389	26
4390	26
4391	26
4392	26
4393	26
4394	26
4395	26
4396	26
4397	26
4398	25
4399	25
4400	26
4401	25
4402	25
4403	25
4404	26
4405	26
4406	25
4407	26
4408	26
4409	26
4410	26
4411	26
4412	26
4413	26
4414	25
4415	26
4416	25
4417	25
4418	25
4419	0
4420	0
4421	0
4422	0
4423	0
4424	0
4425	0
4426	0
4427	0
4428	0
4429	0
4430	0
4431	0
4432	0
4433	0
4434	0
4435	0
4436	0
4437	0
4438	0
4439	0
4440	27
4441	27
4442	27
4443	27
4444	28
4445	28
4446	28
4447	28
4448	28
4449	28
4450	27
4451	28
4452	28
4453	28
4454	27
4455	28
4456	28
4457	28
4458	28
4459	28
4460	28
4461	28
4462	28
4463	28
4464	28
4465	28
4466	28
4467	28
4468	28
4469	27
4470	27
4471	28
4472	27
4473	28
4474	27
4475	28
4476	28
4477	28
4478	27
4479	28
4480	28
4481	28
4482	28
4483	27
4484	27
4485	27
4486	27
4487	27
4488	27
4489	27
4490	27
4491	27
4492	27
4493	27
4494	27
4495	27
4496	27
4497	27
4498	28
4499	28
4500	28
4501	28
4502	28
4503	28
4504	28
4505	28
4506	28
4507	28
4508	28
4509	27
4510	27
4511	27
4512	27
4513	27
4514	27
4515	27
4516	28
4517	28
4518	28
4519	27
4520	28
4521	27
4522	27
4523	27
4524	27
4525	27
4526	27
4527	0
4528	0
4529	0
4530	0
4531	0
4532	0
4533	0
4534	0
4535	0
4536	0
4537	0
4538	0
4539	0
4540	0
4541	0
4542	0
4543	0
4544	0
4545	0
4546	0
4547	0
4548	27
4549	27
4550	27
4551	27
4552	28
4553	28
4554	28
4555	28
4556	28
4557	28
4558	27
4559	28
4560	28
4561	28
4562	27
4563	28
4564	28
4565	28
4566	28
4567	28
4568	28
4569	28
4570	28
4571	28
4572	28
4573	28
4574	28
4575	28
4576	28
4577	27
4578	27
4579	28
4580	27
4581	28
4582	27
4583	28
4584	28
4585	28
4586	27
4587	28
4588	28
4589	28
4590	28
4591	27
4592	27
4593	27
4594	27
4595	27
4596	27
4597	27
4598	27
4599	27
4600	27
4601	27
4602	27
4603	27
4604	27
4605	27
4606	28
4607	28
4608	28
4609	28
4610	28
4611	28
4612	28
4613	28
4614	28
4615	28
4616	28
4617	27
4618	27
4619	27
4620	27
4621	27
4622	27
4623	27
4624	28
4625	28
4626	28
4627	27
4628	28
4629	27
4630	27
4631	27
4632	27
4633	27
4634	27
4635	0
4636	0
4637	0
4638	0
4639	0
4640	0
4641	0
4642	0
4643	0
4644	0
4645	0
4646	0
4647	0
4648	0
4649	0
4650	0
4651	0
4652	0
4653	0
4654	0
4655	30
4656	0
4657	0
4658	0
4659	30
4660	30
4661	30
4662	30
4663	30
4664	30
4665	30
4666	29
4667	30
4668	30
4669	29
4670	30
4671	30
4672	30
4673	30
4674	30
4675	29
4676	29
4677	29
4678	29
4679	29
4680	29
4681	30
4682	30
4683	30
4684	30
4685	30
4686	29
4687	29
4688	30
4689	30
4690	30
4691	30
4692	29
4693	29
4694	29
4695	29
4696	30
4697	29
4698	29
4699	29
4700	29
4701	29
4702	29
4703	29
4704	29
4705	29
4706	30
4707	29
4708	29
4709	29
4710	29
4711	29
4712	29
4713	29
4714	29
4715	29
4716	30
4717	30
4718	29
4719	29
4720	29
4721	30
4722	30
4723	30
4724	29
4725	29
4726	29
4727	30
4728	30
4729	30
4730	30
4731	30
4732	30
4733	30
4734	30
4735	30
4736	30
4737	30
4738	0
4739	0
4740	0
4741	0
4742	0
4743	0
4744	0
4745	0
4746	0
4747	0
4748	0
4749	0
4750	0
4751	0
4752	0
4753	0
4754	0
4755	0
4756	0
4757	0
4758	30
4759	0
4760	0
4761	0
4762	30
4763	30
4764	30
4765	30
4766	30
4767	30
4768	30
4769	29
4770	30
4771	30
4772	29
4773	30
4774	30
4775	30
4776	30
4777	30
4778	29
4779	29
4780	29
4781	29
4782	29
4783	29
4784	30
4785	30
4786	30
4787	30
4788	30
4789	29
4790	29
4791	30
4792	30
4793	30
4794	30
4795	29
4796	29
4797	29
4798	29
4799	30
4800	29
4801	29
4802	29
4803	29
4804	29
4805	29
4806	29
4807	29
4808	29
4809	30
4810	29
4811	29
4812	29
4813	29
4814	29
4815	29
4816	29
4817	29
4818	29
4819	30
4820	30
4821	29
4822	29
4823	29
4824	30
4825	30
4826	30
4827	29
4828	29
4829	29
4830	30
4831	30
4832	30
4833	30
4834	30
4835	30
4836	30
4837	30
4838	30
4839	30
4840	30
4841	31
4842	31
4843	31
4844	31
4845	31
4846	32
4847	32
4848	32
4849	32
4850	32
4851	31
4852	31
4853	31
4854	32
4855	31
4856	31
4857	31
4858	31
4859	31
4860	31
4861	32
4862	31
4863	31
4864	31
4865	31
4866	32
4867	32
4868	31
4869	31
4870	31
4871	31
4872	31
4873	32
4874	32
4875	0
4876	0
4877	0
4878	0
4879	0
4880	0
4881	0
4882	0
4883	0
4884	0
4885	0
4886	0
4887	0
4888	0
4889	32
4890	32
4891	31
4892	32
4893	32
4894	32
4895	32
4896	32
4897	31
4898	31
4899	32
4900	32
4901	32
4902	32
4903	32
4904	32
4905	32
4906	32
4907	32
4908	31
4909	31
4910	31
4911	31
4912	31
4913	32
4914	32
4915	32
4916	31
4917	32
4918	32
4919	32
4920	32
4921	32
4922	31
4923	32
4924	32
4925	31
4926	31
4927	32
4928	31
4929	31
4930	31
4931	31
4932	31
4933	31
4934	31
4935	31
4936	31
4937	32
4938	32
4939	32
4940	32
4941	32
4942	31
4943	31
4944	31
4945	32
4946	31
4947	31
4948	31
4949	31
4950	31
4951	31
4952	32
4953	31
4954	31
4955	31
4956	31
4957	32
4958	32
4959	31
4960	31
4961	31
4962	31
4963	31
4964	32
4965	32
4966	0
4967	0
4968	0
4969	0
4970	0
4971	0
4972	0
4973	0
4974	0
4975	0
4976	0
4977	0
4978	0
4979	0
4980	32
4981	32
4982	31
4983	32
4984	32
4985	32
4986	32
4987	32
4988	31
4989	31
4990	32
4991	32
4992	32
4993	32
4994	32
4995	32
4996	32
4997	32
4998	32
4999	31
5000	31
5001	31
5002	31
5003	31
5004	32
5005	32
5006	32
5007	31
5008	32
5009	32
5010	32
5011	32
5012	32
5013	31
5014	32
5015	32
5016	31
5017	31
5018	32
5019	31
5020	31
5021	31
5022	31
5023	33
5024	33
5025	33
5026	33
5027	33
5028	33
5029	33
5030	33
5031	33
5032	34
5033	34
5034	34
5035	34
5036	34
5037	34
5038	34
5039	33
5040	33
5041	33
5042	34
5043	34
5044	0
5045	0
5046	0
5047	0
5048	0
5049	0
5050	33
5051	33
5052	33
5053	33
5054	34
5055	34
5056	33
5057	33
5058	33
5059	33
5060	33
5061	33
5062	33
5063	33
5064	33
5065	33
5066	33
5067	33
5068	33
5069	33
5070	33
5071	33
5072	34
5073	34
5074	34
5075	34
5076	34
5077	34
5078	33
5079	33
5080	33
5081	33
5082	34
5083	34
5084	33
5085	33
5086	34
5087	34
5088	33
5089	34
5090	34
5091	34
5092	34
5093	34
5094	34
5095	33
5096	33
5097	33
5098	33
5099	33
5100	33
5101	33
5102	33
5103	33
5104	33
5105	33
5106	33
5107	33
5108	33
5109	33
5110	33
5111	33
5112	33
5113	33
5114	34
5115	34
5116	34
5117	34
5118	34
5119	34
5120	34
5121	33
5122	33
5123	33
5124	34
5125	34
5126	0
5127	0
5128	0
5129	0
5130	0
5131	0
5132	33
5133	33
5134	33
5135	33
5136	34
5137	34
5138	33
5139	33
5140	33
5141	33
5142	33
5143	33
5144	33
5145	33
5146	33
5147	33
5148	33
5149	33
5150	33
5151	33
5152	33
5153	33
5154	34
5155	34
5156	34
5157	34
5158	34
5159	34
5160	33
5161	33
5162	33
5163	33
5164	34
5165	34
5166	33
5167	33
5168	34
5169	34
5170	33
5171	34
5172	34
5173	34
5174	34
5175	34
5176	34
5177	33
5178	33
5179	33
5180	33
5181	33
5182	33
5183	33
5184	33
5185	33
5186	33
5187	35
5188	36
5189	35
5190	35
5191	35
5192	36
5193	36
5194	36
5195	35
5196	35
5197	35
5198	35
5199	35
5200	35
5201	0
5202	0
5203	0
5204	0
5205	0
5206	0
5207	35
5208	35
5209	36
5210	35
5211	36
5212	36
5213	36
5214	36
5215	36
5216	35
5217	36
5218	36
5219	36
5220	35
5221	36
5222	36
5223	36
5224	36
5225	36
5226	36
5227	36
5228	36
5229	36
5230	35
5231	35
5232	35
5233	35
5234	35
5235	35
5236	36
5237	36
5238	36
5239	36
5240	36
5241	35
5242	35
5243	35
5244	36
5245	36
5246	36
5247	35
5248	36
5249	36
5250	36
5251	36
5252	36
5253	36
5254	36
5255	36
5256	36
5257	36
5258	36
5259	35
5260	36
5261	35
5262	36
5263	36
5264	35
5265	0
5266	35
5267	36
5268	35
5269	35
5270	35
5271	36
5272	36
5273	36
5274	35
5275	35
5276	35
5277	35
5278	35
5279	35
5280	0
5281	0
5282	0
5283	0
5284	0
5285	0
5286	35
5287	35
5288	36
5289	35
5290	36
5291	36
5292	36
5293	36
5294	36
5295	35
5296	36
5297	36
5298	36
5299	35
5300	36
5301	36
5302	36
5303	36
5304	36
5305	36
5306	36
5307	36
5308	36
5309	35
5310	35
5311	35
5312	35
5313	35
5314	35
5315	36
5316	36
5317	36
5318	36
5319	36
5320	35
5321	35
5322	35
5323	36
5324	36
5325	36
5326	35
5327	36
5328	36
5329	36
5330	36
5331	36
5332	36
5333	36
5334	36
5335	36
5336	36
5337	36
5338	35
5339	36
5340	35
5341	36
5342	36
5343	35
5344	0
5345	37
5346	37
5347	37
5348	37
5349	37
5350	37
5351	37
5352	37
5353	38
5354	38
5355	37
5356	37
5357	38
5358	37
5359	37
5360	37
5361	37
5362	37
5363	37
5364	38
5365	38
5366	38
5367	38
5368	0
5369	0
5370	0
5371	0
5372	0
5373	0
5374	0
5375	38
5376	38
5377	38
5378	38
5379	38
5380	38
5381	38
5382	38
5383	38
5384	37
5385	37
5386	37
5387	37
5388	38
5389	38
5390	37
5391	37
5392	37
5393	37
5394	37
5395	37
5396	37
5397	38
5398	38
5399	38
5400	38
5401	38
5402	38
5403	38
5404	37
5405	37
5406	37
5407	37
5408	37
5409	37
5410	37
5411	37
5412	37
5413	38
5414	38
5415	37
5416	37
5417	38
5418	37
5419	37
5420	37
5421	37
5422	37
5423	37
5424	38
5425	38
5426	38
5427	38
5428	0
5429	0
5430	0
5431	0
5432	0
5433	0
5434	0
5435	38
5436	38
5437	38
5438	38
5439	38
5440	38
5441	38
5442	38
5443	38
5444	37
5445	37
5446	37
5447	37
5448	38
5449	38
5450	37
5451	37
5452	37
5453	37
5454	37
5455	37
5456	37
5457	38
5458	38
5459	38
5460	38
5461	38
5462	38
5463	38
5464	37
5465	39
5466	39
5467	39
5468	39
5469	39
5470	39
5471	40
5472	40
5473	40
5474	40
5475	40
5476	40
5477	40
5478	40
5479	40
5480	40
5481	40
5482	40
5483	40
5484	40
5485	40
5486	40
5487	40
5488	40
5489	40
5490	0
5491	0
5492	0
5493	0
5494	0
5495	0
5496	39
5497	39
5498	39
5499	39
5500	39
5501	39
5502	39
5503	40
5504	40
5505	40
5506	40
5507	39
5508	39
5509	39
5510	39
5511	39
5512	39
5513	39
5514	39
5515	40
5516	40
5517	40
5518	40
5519	40
5520	40
5521	39
5522	39
5523	40
5524	40
5525	40
5526	39
5527	39
5528	0
5529	39
5530	39
5531	39
5532	39
5533	39
5534	39
5535	40
5536	40
5537	40
5538	40
5539	40
5540	40
5541	40
5542	40
5543	40
5544	40
5545	40
5546	40
5547	40
5548	40
5549	40
5550	40
5551	40
5552	40
5553	40
5554	0
5555	0
5556	0
5557	0
5558	0
5559	0
5560	39
5561	39
5562	39
5563	39
5564	39
5565	39
5566	39
5567	40
5568	40
5569	40
5570	40
5571	39
5572	39
5573	39
5574	39
5575	39
5576	39
5577	39
5578	39
5579	40
5580	40
5581	40
5582	40
5583	40
5584	40
5585	39
5586	39
5587	40
5588	40
5589	40
5590	39
5591	39
5592	0
5593	0
5594	0
5595	0
5596	0
5597	0
5598	0
5599	0
5600	0
5601	0
5602	0
5603	42
5604	42
5605	0
5606	0
5607	0
5608	0
5609	41
5610	42
5611	42
5612	42
5613	42
5614	42
5615	42
5616	42
5617	42
5618	42
5619	42
5620	42
5621	42
5622	42
5623	41
5624	42
5625	42
5626	41
5627	41
5628	41
5629	41
5630	41
5631	41
5632	42
5633	41
5634	42
5635	42
5636	41
5637	41
5638	41
5639	41
5640	41
5641	41
5642	0
5643	0
5644	0
5645	0
5646	0
5647	0
5648	0
5649	0
5650	0
5651	0
5652	42
5653	42
5654	0
5655	0
5656	0
5657	0
5658	41
5659	42
5660	42
5661	42
5662	42
5663	42
5664	42
5665	42
5666	42
5667	42
5668	42
5669	42
5670	42
5671	42
5672	41
5673	42
5674	42
5675	41
5676	41
5677	41
5678	41
5679	41
5680	41
5681	42
5682	41
5683	42
5684	42
5685	41
5686	41
5687	41
5688	41
5689	41
5690	41
5691	0
5692	0
5693	0
5694	0
5695	0
5696	0
5697	0
5698	0
5699	0
5700	0
5701	0
5702	0
5703	0
5704	0
5705	0
5706	0
5707	0
5708	0
5709	44
5710	43
5711	43
5712	43
5713	43
5714	43
5715	43
5716	44
5717	44
5718	44
5719	44
5720	43
5721	43
5722	43
5723	44
5724	44
5725	44
5726	44
5727	43
5728	43
5729	43
5730	43
5731	43
5732	43
5733	43
5734	43
5735	44
5736	44
5737	43
5738	44
5739	44
5740	44
5741	44
5742	44
5743	0
5744	0
5745	0
5746	0
5747	0
5748	0
5749	0
5750	0
5751	0
5752	0
5753	0
5754	0
5755	0
5756	0
5757	0
5758	0
5759	0
5760	0
5761	44
5762	43
5763	43
5764	43
5765	43
5766	43
5767	43
5768	44
5769	44
5770	44
5771	44
5772	43
5773	43
5774	43
5775	44
5776	44
5777	44
5778	44
5779	43
5780	43
5781	43
5782	43
5783	43
5784	43
5785	43
5786	43
5787	44
5788	44
5789	43
5790	44
5791	44
5792	44
5793	44
5794	44
5795	0
5796	0
5797	46
5798	46
5799	46
5800	46
5801	46
5802	46
5803	46
5804	45
5805	45
5806	45
5807	45
5808	45
5809	45
5810	45
5811	45
5812	45
5813	45
5814	45
5815	45
5816	46
5817	46
5818	45
5819	45
5820	46
5821	46
5822	46
5823	46
5824	45
5825	45
5826	45
5827	46
5828	46
5829	46
5830	46
5831	46
5832	45
5833	45
5834	45
5835	45
5836	45
5837	45
5838	45
5839	45
5840	45
5841	45
5842	45
5843	45
5844	45
5845	45
5846	45
5847	45
5848	45
5849	45
5850	45
5851	45
5852	0
5853	0
5854	0
5855	0
5856	0
5857	0
5858	46
5859	46
5860	46
5861	46
5862	46
5863	45
5864	45
5865	45
5866	45
5867	46
5868	45
5869	46
5870	46
5871	46
5872	46
5873	45
5874	46
5875	46
5876	46
5877	46
5878	46
5879	46
5880	46
5881	46
5882	46
5883	46
5884	46
5885	46
5886	46
5887	46
5888	46
5889	46
5890	46
5891	45
5892	46
5893	46
5894	46
5895	45
5896	46
5897	45
5898	45
5899	46
5900	46
5901	45
5902	45
5903	45
5904	45
5905	45
5906	45
5907	45
5908	46
5909	45
5910	46
5911	46
5912	45
5913	45
5914	45
5915	46
5916	46
5917	46
5918	46
5919	46
5920	46
5921	46
5922	46
5923	45
5924	45
5925	46
5926	45
5927	45
5928	45
5929	45
5930	45
5931	46
5932	46
5933	45
5934	46
5935	46
5936	46
5937	46
5938	46
5939	46
5940	46
5941	46
5942	46
5943	45
5944	45
5945	45
5946	46
5947	45
5948	45
5949	46
5950	0
5951	0
5952	0
5953	46
5954	46
5955	46
5956	46
5957	46
5958	46
5959	46
5960	45
5961	45
5962	45
5963	45
5964	45
5965	45
5966	45
5967	45
5968	45
5969	45
5970	45
5971	45
5972	46
5973	46
5974	45
5975	45
5976	46
5977	46
5978	46
5979	46
5980	45
5981	45
5982	45
5983	46
5984	46
5985	46
5986	46
5987	46
5988	45
5989	45
5990	45
5991	45
5992	45
5993	45
5994	45
5995	45
5996	45
5997	45
5998	45
5999	45
6000	45
6001	45
6002	45
6003	45
6004	45
6005	45
6006	45
6007	45
6008	0
6009	0
6010	0
6011	0
6012	0
6013	0
6014	46
6015	46
6016	46
6017	46
6018	46
6019	45
6020	45
6021	45
6022	45
6023	46
6024	45
6025	46
6026	46
6027	46
6028	46
6029	45
6030	46
6031	46
6032	46
6033	46
6034	46
6035	46
6036	46
6037	46
6038	46
6039	46
6040	46
6041	46
6042	46
6043	46
6044	46
6045	46
6046	46
6047	45
6048	46
6049	46
6050	46
6051	45
6052	46
6053	45
6054	45
6055	46
6056	46
6057	45
6058	45
6059	45
6060	45
6061	45
6062	45
6063	45
6064	46
6065	45
6066	46
6067	46
6068	45
6069	45
6070	45
6071	46
6072	46
6073	46
6074	46
6075	46
6076	46
6077	46
6078	46
6079	45
6080	45
6081	46
6082	45
6083	45
6084	45
6085	45
6086	45
6087	46
6088	46
6089	45
6090	46
6091	46
6092	46
6093	46
6094	46
6095	46
6096	46
6097	46
6098	46
6099	45
6100	45
6101	45
6102	46
6103	45
6104	45
6105	46
6106	0
