       0     0.000000 
       1     0.000000 
       2     2.007059 
       3    -1.041922 
       4    -1.515259 
       5    -0.447353 
       6    -0.095640 
       7    -0.181101 
       8    -0.308794 
       9    -0.299634 
      10    -0.305502 
      11    -0.289403 
      12    -0.258355 
      13    -0.260406 
      14    -0.281456 
      15    -0.273946 
      16    -0.267013 
      17    -0.283031 
      18    -0.265307 
      19    -0.262651 
      20    -0.256497 
      21    -0.247615 
      22    -0.272283 
      23    -0.240431 
      24    -0.282487 
      25    -0.257180 
      26    -0.242425 
      27    -0.276119 
      28    -0.260266 
      29    -0.252422 
      30    -0.272417 
      31    -0.246064 
      32    -0.232024 
      33    -0.255844 
      34    -0.247173 
      35    -0.231201 
      36    -0.216921 
      37    -0.236752 
      38    -0.258581 
      39    -0.234030 
      40    -0.228987 
      41    -0.217099 
      42    -0.236213 
      43    -0.245923 
      44    -0.236578 
      45    -0.220186 
      46    -0.223979 
      47    -0.223451 
      48    -0.219202 
      49    -0.213717 
      50    -0.211409 
      51    -0.221033 
      52    -0.203951 
      53    -0.216054 
      54    -0.219374 
      55    -0.201232 
      56    -0.198696 
      57    -0.210361 
      58    -0.218142 
      59    -0.202625 
      60    -0.204865 
      61    -0.224078 
      62    -0.207819 
      63    -0.191697 
      64    -0.203114 
      65    -0.188719 
      66    -0.189689 
      67    -0.207702 
      68    -0.198722 
      69    -0.188494 
      70    -0.182083 
      71    -0.188418 
      72    -0.189602 
      73    -0.180087 
      74    -0.194010 
      75    -0.197696 
      76    -0.172621 
      77    -0.177878 
      78    -0.165559 
      79    -0.149889 
      80    -0.153656 
      81    -0.164131 
      82    -0.166014 
      83    -0.170622 
      84    -0.176858 
      85    -0.183439 
      86    -0.175388 
      87    -0.157006 
      88    -0.155183 
      89    -0.172750 
      90    -0.188082 
      91    -0.172802 
      92    -0.160384 
      93    -0.161163 
      94    -0.167263 
      95    -0.165219 
      96    -0.172584 
      97    -0.149024 
      98    -0.152537 
      99    -0.161805 
     100    -0.154512 
     101    -0.157646 
     102    -0.170649 
     103    -0.159675 
     104    -0.166726 
     105    -0.165681 
     106    -0.159666 
     107    -0.157604 
     108    -0.155394 
     109    -0.152617 
     110    -0.152907 
     111    -0.168224 
     112    -0.165548 
     113    -0.167701 
     114    -0.174675 
     115    -0.182327 
     116    -0.177962 
     117    -0.174962 
     118    -0.170374 
     119    -0.172166 
     120    -0.165369 
     121    -0.157212 
     122    -0.176810 
     123    -0.175171 
     124    -0.153074 
     125    -0.151166 
     126    -0.158510 
     127    -0.171943 
     128    -0.189125 
     129    -0.186489 
     130    -0.155065 
     131    -0.159391 
     132    -0.184090 
     133    -0.220585 
     134    -0.201545 
     135    -0.166252 
     136    -0.153075 
     137    -0.161527 
     138    -0.157166 
     139    -0.155947 
     140    -0.158786 
     141    -0.139178 
     142    -0.151887 
     143    -0.169930 
     144    -0.185258 
     145    -0.202447 
     146    -0.199470 
     147    -0.169115 
     148    -0.171151 
     149    -0.184262 
     150    -0.184423 
     151    -0.155857 
     152    -0.154507 
     153    -0.171997 
     154    -0.182182 
     155    -0.157731 
     156    -0.123256 
     157    -0.158273 
     158    -0.173676 
     159    -0.164875 
     160    -0.170357 
     161    -0.160268 
     162    -0.166312 
     163    -0.155684 
     164    -0.149848 
     165    -0.148990 
     166    -0.162961 
     167    -0.174435 
     168    -0.166635 
     169    -0.185944 
     170    -0.208470 
     171    -0.205393 
     172    -0.197771 
     173    -0.191648 
     174    -0.196981 
     175    -0.177818 
     176    -0.196807 
     177    -0.197607 
     178    -0.192393 
     179    -0.204980 
     180    -0.209576 
     181    -0.192466 
     182    -0.172740 
     183    -0.177550 
     184    -0.183271 
     185    -0.170614 
     186    -0.170597 
     187    -0.188436 
     188    -0.204466 
     189    -0.218571 
     190    -0.237326 
     191    -0.229197 
     192    -0.217337 
     193    -0.217051 
     194    -0.215795 
     195    -0.224863 
     196    -0.175565 
     197    -0.166759 
     198    -0.160204 
     199    -0.170155 
     200    -0.159340 
     201    -0.179407 
     202    -0.160979 
     203    -0.177329 
     204    -0.197159 
     205    -0.228788 
     206    -0.220901 
     207    -0.254324 
     208    -0.229798 
     209    -0.174837 
     210    -0.203316 
     211    -0.202863 
     212    -0.179874 
     213    -0.200256 
     214    -0.213098 
     215    -0.204047 
     216    -0.199356 
     217    -0.319176 
     218    -0.292533 
     219    -0.192688 
     220    -0.175106 
     221    -0.130501 
     222    -0.201126 
     223    -0.305352 
     224    -0.257624 
     225    -0.343857 
     226    -0.291280 
     227    -0.173063 
     228    -0.106111 
     229    -0.122712 
     230    -0.223326 
     231    -0.196542 
     232    -0.154720 
     233    -0.363415 
     234    -0.338411 
     235    -0.329533 
     236    -0.260424 
     237    -0.212298 
     238    -0.249977 
     239    -0.297294 
     240    -0.338085 
     241    -0.288009 
     242    -0.339378 
     243    -0.459532 
     244    -0.340050 
     245    -0.276455 
     246    -0.332708 
     247    -0.455059 
     248    -0.860371 
