       0     0.000000 
       1     0.000000 
       2     0.941596 
       3    -1.463198 
       4    -1.564669 
       5    -0.405946 
       6    -0.349128 
       7    -0.477403 
       8    -0.447457 
       9    -0.485455 
      10    -0.376050 
      11    -0.486886 
      12    -0.403744 
      13    -0.476237 
      14    -0.440451 
      15    -0.448962 
      16    -0.435551 
      17    -0.441366 
      18    -0.475786 
      19    -0.427250 
      20    -0.396189 
      21    -0.421154 
      22    -0.440512 
      23    -0.452140 
      24    -0.394476 
      25    -0.403570 
      26    -0.383595 
      27    -0.377357 
      28    -0.366294 
      29    -0.440773 
      30    -0.407830 
      31    -0.412624 
      32    -0.368007 
      33    -0.400552 
      34    -0.359733 
      35    -0.400426 
      36    -0.385910 
      37    -0.343140 
      38    -0.346135 
      39    -0.333868 
      40    -0.353408 
      41    -0.327986 
      42    -0.300291 
      43    -0.323962 
      44    -0.301464 
      45    -0.285496 
      46    -0.386522 
      47    -0.384622 
      48    -0.304791 
      49    -0.335417 
      50    -0.310373 
      51    -0.287646 
      52    -0.358863 
      53    -0.361878 
      54    -0.368956 
      55    -0.331393 
      56    -0.310828 
      57    -0.292691 
      58    -0.360246 
      59    -0.296899 
      60    -0.297841 
      61    -0.300252 
      62    -0.302693 
      63    -0.282091 
      64    -0.326530 
      65    -0.329352 
      66    -0.267811 
      67    -0.252637 
      68    -0.284481 
      69    -0.269172 
      70    -0.295865 
      71    -0.288387 
      72    -0.285109 
      73    -0.225726 
      74    -0.242647 
      75    -0.249330 
      76    -0.285835 
      77    -0.297824 
      78    -0.356054 
      79    -0.348445 
      80    -0.308824 
      81    -0.306491 
      82    -0.347006 
      83    -0.348998 
      84    -0.294582 
      85    -0.292883 
      86    -0.229828 
      87    -0.291792 
      88    -0.300258 
      89    -0.274055 
      90    -0.272316 
      91    -0.267560 
      92    -0.263718 
      93    -0.291922 
      94    -0.260510 
      95    -0.231945 
      96    -0.250636 
      97    -0.223939 
      98    -0.235406 
      99    -0.295537 
     100    -0.303055 
     101    -0.243810 
     102    -0.218157 
     103    -0.204991 
     104    -0.231662 
     105    -0.281522 
     106    -0.272215 
     107    -0.229276 
     108    -0.189106 
     109    -0.181826 
     110    -0.231901 
     111    -0.209605 
     112    -0.217556 
     113    -0.220964 
     114    -0.209435 
     115    -0.219137 
     116    -0.196639 
     117    -0.182018 
     118    -0.183237 
     119    -0.187127 
     120    -0.193204 
     121    -0.165635 
     122    -0.183074 
     123    -0.186551 
     124    -0.188863 
     125    -0.182713 
     126    -0.169530 
     127    -0.134198 
     128    -0.195347 
     129    -0.222978 
     130    -0.207862 
     131    -0.145979 
     132    -0.188399 
     133    -0.205849 
     134    -0.206398 
     135    -0.231485 
     136    -0.231600 
     137    -0.213523 
     138    -0.220214 
     139    -0.229235 
     140    -0.258785 
     141    -0.241821 
     142    -0.177903 
     143    -0.198895 
     144    -0.109939 
     145    -0.068690 
     146    -0.033919 
     147    -0.134837 
     148    -0.015612 
     149    -0.121216 
     150    -0.242964 
     151    -0.579433 
     152    -0.799226 
     153    -0.109569 
     154    -0.101158 
     155    -0.092256 
     156    -0.079006 
